0 0.001563 0.001563 0.001563 1.000000 0.750000 0.001563 0.750000 1.000000
1 0.640625 0.689063 0.640625 0.995313 0.667188 0.689063 0.667188 0.995313
1 0.451562 0.087500 0.451562 0.860938 0.481250 0.087500 0.481250 0.860938
1 0.001563 0.834375 0.001563 0.879687 0.629687 0.834375 0.629687 0.879687
1 0.078125 0.637500 0.078125 0.675000 0.443750 0.637500 0.443750 0.675000
1 0.057813 0.304688 0.057813 0.345313 0.589063 0.304688 0.589063 0.345313
1 0.046875 0.001563 0.046875 0.682813 0.075000 0.001563 0.075000 0.682813
1 0.001563 0.109375 0.001563 0.131250 0.528125 0.109375 0.528125 0.131250
1 0.240625 0.001563 0.240625 0.404687 0.262500 0.001563 0.262500 0.404687
1 0.125000 0.460938 0.125000 0.479687 0.590625 0.460938 0.590625 0.479687
1 0.475000 0.646875 0.475000 0.668750 0.651563 0.646875 0.651563 0.668750
