0 0.006250 0.001563 0.006250 0.446875 1.001562 0.001563 1.001562 0.446875
0 0.006250 0.450000 0.006250 0.904687 0.903125 0.450000 0.903125 0.904687
1 0.207813 0.068750 0.207813 0.426563 0.262500 0.068750 0.262500 0.426563
1 0.143750 0.229687 0.143750 0.254688 0.535937 0.229687 0.535937 0.254688
1 0.489063 0.009375 0.489063 0.445312 0.518750 0.009375 0.518750 0.445312
1 0.757812 0.004687 0.757812 0.298438 0.785937 0.004687 0.785937 0.298438
1 0.889062 0.003125 0.889062 0.209375 0.915625 0.003125 0.915625 0.209375
1 0.268750 0.053125 0.268750 0.078125 0.889062 0.053125 0.889062 0.078125
1 0.295312 0.006250 0.295312 0.628125 0.317188 0.006250 0.317188 0.628125
1 0.187500 0.476562 0.187500 0.504687 0.295312 0.476562 0.295312 0.504687
1 0.175000 0.592187 0.175000 0.623437 0.262500 0.592187 0.262500 0.623437
1 0.735938 0.414062 0.735938 0.496875 0.814063 0.414062 0.814063 0.496875
1 0.173925 0.619344 0.169683 0.572681 0.171097 0.503394 0.188066 0.465215 0.152715 0.523190 0.149887 0.622172 0.173925 0.619344
1 0.104638 0.325226 0.137161 0.346437 0.142817 0.329468 0.123020 0.312500 0.121606 0.282805 0.148473 0.251697 0.124434 0.244627 0.100396 0.272907 0.104638 0.325226
1 0.166855 0.097568 0.200792 0.093326 0.200792 0.070701 0.173925 0.074943 0.139989 0.086256 0.124434 0.107466 0.121606 0.144231 0.131505 0.169683 0.144231 0.152715 0.139989 0.131505 0.144231 0.111708 0.166855 0.097568
1 0.045249 0.639140 0.028281 0.711256 0.021210 0.759333 0.042421 0.801753 0.060803 0.789027 0.043835 0.753676 0.048077 0.697115 0.066459 0.613688 0.086256 0.542986 0.093326 0.480769 0.073529 0.520362 0.055147 0.572681 0.045249 0.639140
1 0.493495 0.448247 0.494910 0.504808 0.513292 0.504808 0.516120 0.445419 0.493495 0.448247
