0 0.207813 0.109375 0.207813 0.895312 0.823438 0.109375 0.823438 0.895312
1 0.351562 0.537500 0.351562 0.604688 0.573438 0.537500 0.573438 0.604688
1 0.400000 0.692187 0.400000 0.746875 0.551562 0.692187 0.551562 0.746875
1 0.625000 0.682813 0.625000 0.735938 0.770312 0.682813 0.770312 0.735938
1 0.642188 0.539062 0.642188 0.601562 0.773438 0.539062 0.773438 0.601562
1 0.614062 0.351562 0.614062 0.396875 0.765625 0.351562 0.765625 0.396875
1 0.612500 0.151562 0.612500 0.206250 0.707812 0.151562 0.707812 0.206250
1 0.253125 0.482812 0.253125 0.756250 0.301563 0.482812 0.301563 0.756250
1 0.561236 0.152899 0.535523 0.157215 0.534271 0.208124 0.544691 0.279469 0.557122 0.366494 0.560624 0.407741 0.575811 0.523230 0.583358 0.703454 0.575439 0.854547 0.600339 0.865764 0.611247 0.792705 0.612494 0.714892 0.612019 0.588846 0.601889 0.484950 0.591240 0.390938 0.582528 0.314019 0.563998 0.208266 0.561236 0.152899
1 0.341372 0.700684 0.325919 0.725361 0.333504 0.742750 0.391918 0.735900 0.394212 0.692125 0.360840 0.680464 0.341372 0.700684
3 0.001563 0.500000 0.001563 0.848437 0.204687 0.500000 0.204687 0.848437
