0 0.062500 0.390625 0.062500 0.865625 0.892188 0.390625 0.892188 0.865625
0 0.565625 0.204687 0.565625 0.523438 0.982812 0.204687 0.982812 0.523438
0 0.190625 0.107813 0.190625 0.412500 0.320312 0.107813 0.320312 0.412500
1 0.763826 0.548085 0.739419 0.548515 0.708694 0.543648 0.606077 0.531690 0.633524 0.475908 0.617497 0.477664 0.601679 0.505224 0.579017 0.548879 0.536606 0.536435 0.478612 0.522955 0.414658 0.519984 0.391262 0.559228 0.367854 0.625671 0.335858 0.664985 0.365035 0.679628 0.394611 0.628478 0.447461 0.638280 0.528023 0.653903 0.517266 0.703739 0.532421 0.680369 0.610783 0.682759 0.677309 0.687569 0.660675 0.729316 0.676342 0.711754 0.745049 0.612399 0.802514 0.502673 0.763826 0.548085
1 0.566061 0.585482 0.592736 0.606886 0.677569 0.604574 0.722773 0.617461 0.733668 0.584827 0.586720 0.581595 0.566061 0.585482
1 0.168750 0.415625 0.168750 0.737500 0.232813 0.415625 0.232813 0.737500
1 0.218750 0.125000 0.218750 0.414062 0.281250 0.125000 0.281250 0.414062
1 0.667188 0.398438 0.667188 0.454688 0.823438 0.398438 0.823438 0.454688
1 0.717187 0.293750 0.717187 0.351562 0.854688 0.293750 0.854688 0.351562
1 0.927815 0.271980 0.912951 0.302554 0.896400 0.325702 0.879185 0.353040 0.855347 0.395077 0.829007 0.443877 0.789945 0.500683 0.809497 0.503779 0.822522 0.475778 0.868802 0.391482 0.910587 0.326517 0.942224 0.271399 0.927815 0.271980
1 0.631173 0.472672 0.648852 0.440029 0.626554 0.447602 0.611841 0.468179 0.631173 0.472672
3 0.001563 0.678125 0.001563 0.892188 0.275000 0.678125 0.275000 0.892188
3 0.817187 0.665625 0.817187 0.782813 0.968750 0.665625 0.968750 0.782813
3 0.671875 0.689063 0.671875 0.781250 0.840625 0.689063 0.840625 0.781250
3 0.435937 0.689063 0.435937 0.776563 0.615625 0.689063 0.615625 0.776563
