0 0.343750 0.639062 0.343750 0.790625 0.621875 0.639062 0.621875 0.790625
0 0.331250 0.782813 0.331250 0.903125 0.528125 0.782813 0.528125 0.903125
0 0.134375 0.435937 0.134375 0.646875 0.596875 0.435937 0.596875 0.646875
0 0.290625 0.350000 0.290625 0.520312 0.657813 0.350000 0.657813 0.520312
0 0.490625 0.251563 0.490625 0.367188 0.665625 0.251563 0.665625 0.367188
0 0.328125 0.081250 0.328125 0.260937 0.693750 0.081250 0.693750 0.260937
0 0.401562 0.001563 0.401562 0.128125 0.614062 0.001563 0.614062 0.128125
1 0.387500 0.820312 0.387500 0.859375 0.482812 0.820312 0.482812 0.859375
1 0.381250 0.673438 0.381250 0.754687 0.596875 0.673438 0.596875 0.754687
1 0.151813 0.502443 0.538204 0.573770 0.568619 0.580456 0.567449 0.568431 0.150644 0.490419 0.151813 0.502443
1 0.320800 0.407188 0.634167 0.456021 0.640826 0.447558 0.320362 0.392432 0.320800 0.407188
1 0.529958 0.309521 0.639886 0.319946 0.645546 0.309751 0.531520 0.298229 0.529958 0.309521
1 0.358627 0.156748 0.659460 0.175872 0.676412 0.167239 0.356092 0.144357 0.358627 0.156748
1 0.420489 0.067922 0.591737 0.062571 0.603859 0.055572 0.413490 0.055800 0.420489 0.067922
0 0.276562 0.015625 0.276562 0.104688 0.350000 0.015625 0.350000 0.104688
