0 0.496875 0.542188 0.496875 0.864062 0.976562 0.542188 0.976562 0.864062
0 0.500000 0.006250 0.500000 0.539062 1.001562 0.006250 1.001562 0.539062
1 0.618416 0.770154 0.535864 0.767100 0.553868 0.779973 0.705006 0.783868 0.716110 0.777037 0.725223 0.782775 0.905399 0.784111 0.930027 0.782285 0.936207 0.770379 0.803225 0.769360 0.618416 0.770154
1 0.662674 0.608228 0.573208 0.612670 0.571881 0.621049 0.663919 0.618447 0.736985 0.627156 0.782050 0.622841 0.844317 0.618386 0.886146 0.616421 0.896516 0.605179 0.764046 0.609967 0.662674 0.608228
1 0.771189 0.429279 0.948725 0.420175 0.961446 0.412168 0.768990 0.416046 0.771189 0.429279
1 0.897401 0.138600 0.856327 0.406972 0.874413 0.401247 0.914160 0.141255 0.897401 0.138600
1 0.540995 0.336985 0.979945 0.313451 0.978409 0.296028 0.530706 0.329629 0.540995 0.336985
1 1.000000 0.108883 0.764419 0.137581 0.775730 0.156552 1.000000 0.120983 1.000000 0.108883
1 0.513162 0.431361 0.513522 0.447166 0.575498 0.435507 0.640185 0.442890 0.658644 0.425770 0.599392 0.429270 0.513162 0.431361
1 0.953349 0.065571 0.908682 0.067373 0.851560 0.075505 0.863466 0.081686 0.956831 0.070704 0.953349 0.065571
