0 0.001563 0.510938 0.001563 0.789062 0.459375 0.510938 0.459375 0.789062
0 0.017188 0.001563 0.017188 0.462500 0.534375 0.001563 0.534375 0.462500
1 0.147398 0.700430 0.017110 0.673778 0.020680 0.686709 0.044390 0.693615 0.220907 0.729769 0.231013 0.726051 0.240454 0.735042 0.389099 0.762655 0.409387 0.753807 0.328004 0.739630 0.147398 0.700430
1 0.218861 0.552666 0.090281 0.520440 0.098087 0.533593 0.138594 0.544212 0.198573 0.561515 0.241756 0.575106 0.315037 0.581778 0.404522 0.603459 0.404966 0.594987 0.318379 0.572041 0.218861 0.552666
1 0.077678 0.328624 0.249441 0.374441 0.254343 0.361954 0.066899 0.318147 0.077678 0.328624
1 0.170802 0.334920 0.186423 0.063873 0.169477 0.062985 0.154301 0.325560 0.170802 0.334920
1 0.069329 0.217741 0.493794 0.332024 0.505387 0.326968 0.074453 0.201018 0.069329 0.217741
1 0.075453 0.019827 0.301702 0.106730 0.316711 0.090525 0.063559 0.003627 0.075453 0.019827
1 0.497758 0.445509 0.501396 0.430124 0.417485 0.410151 0.360256 0.394408 0.374752 0.414991 0.439561 0.421220 0.497758 0.445509
1 0.186393 0.000000 0.231449 0.015258 0.244380 0.011688 0.212446 0.000000 0.186393 0.000000
