0 0.212500 0.015625 0.212500 0.460938 0.467187 0.015625 0.467187 0.460938
0 0.540625 0.015625 0.540625 0.509375 1.001562 0.015625 1.001562 0.509375
1 0.255939 0.233314 0.260181 0.243213 0.251697 0.253111 0.231900 0.402998 0.241799 0.422794 0.251697 0.340781 0.281391 0.158371 0.301188 0.026867 0.288462 0.031109 0.282805 0.055147 0.255939 0.233314
1 0.422794 0.202206 0.411482 0.246041 0.408654 0.319570 0.391686 0.410068 0.400170 0.410068 0.418552 0.322398 0.432692 0.222002 0.458145 0.091912 0.445419 0.100396 0.436934 0.141403 0.422794 0.202206
1 0.625000 0.247455 0.658937 0.057975 0.649038 0.069287 0.612274 0.243213 0.625000 0.247455
1 0.919118 0.147059 0.656109 0.145645 0.647624 0.162613 0.919118 0.164027 0.919118 0.147059
1 0.673077 0.496324 0.776301 0.059389 0.759333 0.055147 0.667421 0.485011 0.673077 0.496324
1 0.899321 0.295532 0.972851 0.038179 0.957296 0.050905 0.882353 0.281391 0.899321 0.295532
1 0.554299 0.494910 0.569853 0.497738 0.585407 0.412896 0.598133 0.354921 0.578337 0.370475 0.575509 0.435520 0.554299 0.494910
1 1.000000 0.120192 0.995475 0.115950 0.970023 0.206448 0.974265 0.219174 0.991233 0.164027 1.000000 0.120192
