2 0.272174 0.863295 0.302331 0.872369 0.287398 0.859781 0.321946 0.848798 0.222693 0.861690 0.248461 0.890820 0.287107 0.875884 0.272174 0.863295
2 0.451057 1.000000 0.467473 0.988589 0.454588 0.954481 0.414036 0.943798 0.372608 0.955367 0.403938 0.978201 0.397059 0.991817 0.430582 0.985079 0.437708 1.000000 0.438725 1.000000 0.443904 0.982004 0.449999 1.000000 0.451057 1.000000
2 0.273029 0.619551 0.308442 0.469056 0.291751 0.448855 0.268481 0.517369 0.219733 0.527621 0.245209 0.559825 0.215498 0.630829 0.239223 0.733594 0.316087 0.819081 0.324577 0.808100 0.282554 0.721586 0.291336 0.707532 0.273029 0.619551
2 0.898111 0.453190 0.884642 0.438259 0.907185 0.423032 0.901473 0.398292 0.923283 0.371208 0.905422 0.363304 0.940988 0.282931 0.922676 0.142835 0.894713 0.117219 0.892953 0.083548 0.877728 0.087063 0.858115 0.123663 0.882719 0.230235 0.882726 0.308409 0.852430 0.385561 0.872490 0.429038 0.840140 0.462565 0.833267 0.541325 0.894014 0.470172 0.879374 0.467538 0.898111 0.453190
2 0.513229 0.000000 0.409997 0.027672 0.410000 0.053730 0.383064 0.062955 0.460954 0.157225 0.502385 0.171714 0.506487 0.206848 0.549382 0.232023 0.585395 0.231727 0.597396 0.196884 0.617012 0.186342 0.657563 0.197025 0.671031 0.185898 0.685081 0.155593 0.670879 0.128805 0.681417 0.109333 0.691958 0.115920 0.682880 0.093962 0.692101 0.081811 0.701327 0.108746 0.706884 0.050335 0.742601 0.014026 0.744535 0.000000 0.513229 0.000000
2 0.772403 0.920195 0.753958 0.918440 0.726287 0.889750 0.739760 0.943768 0.788360 0.915509 0.781771 0.899992 0.772403 0.920195
2 0.785283 0.889159 0.787037 0.857684 0.762588 0.847293 0.788350 0.811277 0.759656 0.799861 0.739458 0.842610 0.761860 0.887551 0.785283 0.889159
2 0.206537 0.301153 0.204919 0.220344 0.186910 0.194434 0.189405 0.266020 0.206537 0.301153
2 0.362585 0.226039 0.315587 0.165729 0.310171 0.177002 0.237705 0.162662 0.208871 0.211414 0.240208 0.312422 0.268462 0.308906 0.294522 0.334961 0.312089 0.332910 0.316771 0.309780 0.357759 0.283279 0.347511 0.273618 0.361417 0.264394 0.362585 0.226039
2 0.066738 0.368507 0.025164 0.388127 0.038930 0.439071 0.072161 0.435408 0.041566 0.450489 0.070551 0.445802 0.053717 0.459711 0.058111 0.478741 0.093102 0.508749 0.064998 0.543300 0.076855 0.542567 0.088424 0.583995 0.120631 0.584578 0.101454 0.597023 0.129415 0.596581 0.104969 0.612247 0.116095 0.612685 0.186800 0.580326 0.152983 0.577108 0.198510 0.561587 0.183576 0.548998 0.221198 0.538308 0.231301 0.556021 0.220173 0.529524 0.256037 0.511222 0.247106 0.494241 0.235396 0.512981 0.216072 0.507420 0.213877 0.523962 0.202165 0.516644 0.193530 0.535675 0.157070 0.455895 0.196006 0.398798 0.181218 0.378158 0.190440 0.366006 0.175215 0.369521 0.173896 0.350783 0.147985 0.355763 0.159549 0.345075 0.142567 0.340978 0.147543 0.327802 0.125730 0.328829 0.113723 0.298526 0.086788 0.307752 0.106549 0.289158 0.091030 0.269689 0.073170 0.274815 0.087519 0.293552 0.058681 0.316245 0.083568 0.315511 0.075957 0.330297 0.086790 0.333810 0.053121 0.348599 0.060003 0.361041 0.023845 0.369389 0.026481 0.380807 0.066738 0.368507
2 0.695684 0.813628 0.714275 0.807332 0.752915 0.727251 0.745885 0.696802 0.708261 0.681434 0.705778 0.740138 0.684701 0.779081 0.695684 0.813628
2 0.839713 0.590951 0.809273 0.689184 0.847625 0.664293 0.848355 0.637064 0.896805 0.577771 0.898703 0.525215 0.873231 0.519069 0.829754 0.539129 0.839713 0.590951
