2 0.315886 0.154363 0.281151 0.143985 0.295863 0.131138 0.265868 0.140736 0.280579 0.127889 0.241678 0.113630 0.216422 0.143205 0.315886 0.154363
2 0.429522 0.000000 0.422127 0.016206 0.388491 0.010055 0.395607 0.023548 0.364680 0.046926 0.406304 0.057770 0.446663 0.046381 0.458951 0.012053 0.441471 0.000350 0.435500 0.019049 0.429656 0.000000 0.429522 0.000000
2 0.309011 0.534283 0.270977 0.384428 0.287746 0.296142 0.278720 0.282243 0.319227 0.195008 0.310547 0.184178 0.235186 0.270992 0.213258 0.374156 0.244203 0.444630 0.219294 0.477274 0.268213 0.486674 0.292676 0.554771 0.309011 0.534283
2 0.900161 0.909530 0.901333 0.875834 0.928845 0.849734 0.944709 0.709340 0.907746 0.629599 0.925466 0.621385 0.903187 0.594685 0.908466 0.569850 0.885661 0.555018 0.898867 0.539855 0.879883 0.525836 0.894474 0.522947 0.832495 0.452865 0.840742 0.531493 0.873672 0.564451 0.854374 0.608271 0.886012 0.684882 0.887369 0.763044 0.864628 0.870029 0.884877 0.906282 0.900161 0.909530
2 0.753901 1.000000 0.751045 0.981666 0.714700 0.945986 0.708124 0.887681 0.699371 0.914773 0.689938 0.902784 0.698632 0.880671 0.688208 0.887441 0.677331 0.868156 0.691064 0.841124 0.676486 0.811069 0.662827 0.800179 0.622468 0.811568 0.602671 0.801370 0.590064 0.766742 0.554052 0.767074 0.511602 0.792995 0.508114 0.828195 0.466942 0.843405 0.390709 0.939019 0.417802 0.947773 0.418254 0.973827 0.523184 1.000000 0.753901 1.000000
2 0.746616 0.077191 0.765029 0.075115 0.774747 0.095151 0.781064 0.079522 0.731979 0.052116 0.719450 0.106360 0.746616 0.077191
2 0.782874 0.183738 0.756487 0.148178 0.780751 0.137361 0.778448 0.105922 0.755057 0.107938 0.733442 0.153263 0.754383 0.195653 0.782874 0.183738
2 0.209844 0.784763 0.210052 0.703939 0.193536 0.739365 0.192291 0.810983 0.209844 0.784763
2 0.315837 0.826262 0.321449 0.837438 0.367387 0.776318 0.365550 0.737989 0.351485 0.729009 0.361563 0.719171 0.320119 0.693389 0.315034 0.670344 0.297434 0.668600 0.271832 0.695106 0.243521 0.692084 0.213951 0.793623 0.243633 0.841864 0.315837 0.826262
2 0.095112 0.737413 0.110289 0.717677 0.090206 0.699431 0.117298 0.708184 0.128775 0.677677 0.150602 0.678323 0.145397 0.665236 0.162304 0.660843 0.150556 0.650359 0.176550 0.654886 0.177542 0.636127 0.192825 0.639376 0.183393 0.627387 0.197818 0.606492 0.157892 0.550083 0.192954 0.469679 0.201920 0.488557 0.213503 0.481035 0.215985 0.497537 0.235210 0.491639 0.247245 0.510171 0.255879 0.493037 0.219700 0.475364 0.230364 0.448677 0.220572 0.466564 0.182769 0.456532 0.197481 0.443685 0.151690 0.428960 0.185446 0.425152 0.114187 0.394032 0.103070 0.394664 0.127786 0.409901 0.099822 0.409948 0.119212 0.422056 0.087021 0.423201 0.076177 0.464824 0.064308 0.464298 0.093011 0.498354 0.058549 0.528967 0.054489 0.548072 0.071563 0.561685 0.042500 0.557504 0.073353 0.572049 0.040063 0.568967 0.027189 0.620143 0.069099 0.639035 0.028633 0.627438 0.026197 0.638901 0.062495 0.646617 0.055832 0.659178 0.089754 0.673377 0.078983 0.677077 0.086851 0.691729 0.061955 0.691429 0.091184 0.713616 0.077165 0.732600 0.095112 0.737413
2 0.742413 0.298937 0.748911 0.268369 0.708879 0.188975 0.690180 0.183004 0.679802 0.217738 0.701555 0.256307 0.705063 0.314959 0.742413 0.298937
2 0.898203 0.467830 0.895388 0.415316 0.845910 0.356877 0.844705 0.329665 0.805924 0.305447 0.838074 0.403134 0.829021 0.455122 0.872841 0.474420 0.898203 0.467830
