2 0.776367 0.181641 0.788086 0.197266 0.751953 0.200195 0.851562 0.209961 0.833008 0.175781 0.791992 0.181641 0.803711 0.197266 0.776367 0.181641
2 0.676758 0.042969 0.672852 0.025391 0.663086 0.042969 0.661133 0.023438 0.641602 0.031250 0.646484 0.067383 0.683594 0.086914 0.726562 0.084961 0.701172 0.055664 0.710938 0.043945 0.676758 0.042969
2 0.806641 0.436523 0.806641 0.331055 0.750977 0.230469 0.740234 0.239258 0.761719 0.333008 0.750000 0.344727 0.748047 0.434570 0.679688 0.573242 0.691406 0.596680 0.729492 0.535156 0.779297 0.536133 0.761719 0.499023 0.806641 0.436523
2 0.130859 0.532227 0.121094 0.485352 0.160156 0.459961 0.184570 0.384766 0.109375 0.440430 0.123047 0.446289 0.101562 0.456055 0.111328 0.473633 0.085938 0.483398 0.085938 0.508789 0.058594 0.530273 0.074219 0.541992 0.021484 0.612305 0.007812 0.752930 0.029297 0.784180 0.023438 0.817383 0.039062 0.817383 0.066406 0.786133 0.066406 0.676758 0.083984 0.600586 0.130859 0.532227
2 0.460938 0.842773 0.423828 0.819336 0.427734 0.784180 0.391602 0.750000 0.356445 0.742188 0.336914 0.773438 0.315430 0.779297 0.278320 0.759766 0.262695 0.767578 0.242188 0.793945 0.250000 0.823242 0.235352 0.839844 0.226562 0.831055 0.230469 0.854492 0.218750 0.864258 0.215820 0.835938 0.197266 0.891602 0.154297 0.918945 0.138672 0.959961 0.155273 0.982422 0.230469 0.989258 0.481445 0.980469 0.487305 0.955078 0.515625 0.952148 0.460938 0.842773
2 0.329102 0.029297 0.346680 0.035156 0.367188 0.069336 0.366211 0.013672 0.312500 0.030273 0.315430 0.046875 0.329102 0.029297
2 0.300781 0.086914 0.322266 0.102539 0.289062 0.131836 0.314453 0.149414 0.343750 0.112305 0.332031 0.063477 0.309570 0.056641 0.300781 0.086914
2 0.736328 0.868164 0.750000 0.797852 0.741211 0.759766 0.724609 0.838867 0.736328 0.868164
2 0.663086 0.707031 0.645508 0.705078 0.635742 0.726562 0.589844 0.743164 0.597656 0.754883 0.582031 0.760742 0.572266 0.797852 0.604492 0.867188 0.612305 0.857422 0.679688 0.887695 0.718750 0.846680 0.710938 0.741211 0.682617 0.738281 0.663086 0.707031
2 0.875000 0.760742 0.865234 0.754883 0.901367 0.748047 0.897461 0.734375 0.934570 0.734375 0.934570 0.722656 0.892578 0.725586 0.937500 0.715820 0.935547 0.663086 0.902344 0.659180 0.935547 0.651367 0.906250 0.649414 0.925781 0.639648 0.925781 0.620117 0.898438 0.583008 0.933594 0.555664 0.921875 0.553711 0.919922 0.510742 0.888672 0.502930 0.910156 0.495117 0.882812 0.489258 0.910156 0.479492 0.899414 0.476562 0.823242 0.492188 0.855469 0.502930 0.807617 0.507812 0.819336 0.523438 0.780273 0.525391 0.774414 0.505859 0.779297 0.534180 0.740234 0.543945 0.745117 0.562500 0.760742 0.546875 0.778320 0.556641 0.784180 0.541016 0.793945 0.550781 0.806641 0.534180 0.824219 0.620117 0.773438 0.666992 0.783203 0.690430 0.771484 0.700195 0.787109 0.700195 0.784180 0.718750 0.810547 0.719727 0.796875 0.727539 0.812500 0.735352 0.804688 0.747070 0.826172 0.750977 0.831055 0.783203 0.859375 0.780273 0.835938 0.793945 0.846680 0.816406 0.865234 0.815430 0.855469 0.793945 0.888672 0.778320 0.864258 0.773438 0.875000 0.760742
2 0.360352 0.152344 0.304688 0.221680 0.304688 0.252930 0.337891 0.276367 0.353516 0.219727 0.382812 0.186523 0.379883 0.150391 0.360352 0.152344
2 0.198242 0.261719 0.191406 0.288086 0.130859 0.334961 0.117188 0.385742 0.140625 0.397461 0.187500 0.387695 0.189453 0.334961 0.241211 0.246094 0.198242 0.261719
