1 0.465641 0.148043 0.431815 0.213306 0.258800 0.897053 0.250886 0.939332 0.267749 0.945647 0.406964 0.460298 0.465641 0.148043
1 0.294409 0.278805 0.325898 0.279286 0.299605 0.255867 0.300070 0.217472 0.268899 0.235773 0.183944 0.896395 0.193709 0.939186 0.294409 0.278805
1 0.148100 0.316426 0.126872 0.334152 0.116606 0.435270 0.108911 0.574223 0.122282 0.745722 0.153385 0.454245 0.148100 0.316426
1 0.348344 0.919500 0.470288 0.613177 0.559367 0.309139 0.496414 0.441313 0.348344 0.919500
1 0.506984 0.716950 0.497439 0.770834 0.524375 0.712492 0.506984 0.716950
1 0.552127 0.648347 0.606366 0.571160 0.648556 0.418318 0.558619 0.588117 0.552127 0.648347
1 0.471459 0.520643 0.475855 0.510413 0.441856 0.499718 0.388260 0.495144 0.471459 0.520643
1 0.269160 0.472488 0.365898 0.499890 0.355636 0.481683 0.269160 0.472488
1 0.348836 0.649361 0.424841 0.669904 0.421773 0.656653 0.348836 0.649361
0 0.682675 0.603580 0.845130 0.500183 0.861356 0.468934 0.858256 0.441872 0.826192 0.431449 0.805685 0.401940 0.833107 0.192784 0.779051 0.107280 0.700139 0.023214 0.594610 0.016272 0.552472 0.070506 0.513565 0.087719 0.471736 0.034505 0.391141 0.060652 0.334105 0.122654 0.298967 0.218304 0.233463 0.200222 0.194268 0.212465 0.178090 0.264430 0.119711 0.343007 0.095424 0.473712 0.114891 0.531672 0.119826 0.636899 0.133364 0.638802 0.116930 0.699606 0.116888 0.924445 0.172721 0.941167 0.193118 0.922338 0.203395 0.947450 0.361162 0.968637 0.435170 0.961287 0.451495 0.852145 0.528526 0.837331 0.597500 0.802648 0.623606 0.743202 0.595619 0.703767 0.599999 0.686632 0.682675 0.603580
