0 0.000000 0.454992 0.011419 0.487073 0.028265 0.500933 0.059548 0.502564 0.072450 0.514316 0.082594 0.535915 0.083088 0.564215 0.070065 0.601461 0.066767 0.636360 0.089046 0.681700 0.099996 0.693486 0.125572 0.703927 0.129592 0.710390 0.163132 0.729403 0.180821 0.735627 0.192538 0.735422 0.202189 0.728721 0.219764 0.728414 0.241435 0.738924 0.257096 0.740828 0.254565 0.763737 0.244953 0.772615 0.247096 0.783466 0.241314 0.787922 0.239513 0.796664 0.255857 0.837752 0.272741 0.853790 0.321600 0.855114 0.345452 0.878651 0.378688 0.880249 0.396492 0.893004 0.399364 0.889687 0.398216 0.879908 0.425556 0.879431 0.428238 0.865230 0.438922 0.861777 0.520941 0.860345 0.533691 0.863389 0.528904 0.868917 0.524960 0.866808 0.517301 0.875652 0.458716 0.876674 0.441179 0.879158 0.439302 0.883546 0.431452 0.881505 0.420807 0.887135 0.437463 0.890111 0.436581 0.895570 0.443549 0.903070 0.486550 0.904497 0.491375 0.901147 0.485478 0.899072 0.480349 0.885007 0.509718 0.888850 0.519406 0.884325 0.523501 0.895142 0.533303 0.897148 0.543030 0.894801 0.566160 0.876977 0.579867 0.878915 0.609084 0.874050 0.657676 0.860136 0.667517 0.864319 0.681034 0.855373 0.727864 0.852378 0.762863 0.843057 0.792156 0.842546 0.809617 0.835708 0.876051 0.836726 0.883748 0.830059 0.913117 0.833901 0.934560 0.831350 0.948154 0.826757 0.951026 0.823441 0.947964 0.815872 0.961596 0.813457 0.972203 0.805650 0.973168 0.749016 0.969186 0.744731 0.988297 0.720443 0.986959 0.699780 0.983669 0.679150 0.973829 0.674967 0.977697 0.672722 0.975516 0.659694 0.983213 0.653027 0.984178 0.596393 0.979664 0.561630 0.975607 0.552991 0.974771 0.505099 0.963745 0.488959 0.948085 0.487055 0.940387 0.493722 0.924841 0.498349 0.922964 0.502737 0.899492 0.500969 0.887851 0.505527 0.881916 0.501275 0.862388 0.501616 0.853391 0.489797 0.851135 0.472415 0.828590 0.411836 0.794745 0.375408 0.781691 0.354949 0.773804 0.350732 0.750370 0.351141 0.732642 0.342740 0.709208 0.343149 0.680410 0.371960 0.668655 0.369988 0.650852 0.357233 0.626962 0.331519 0.597289 0.310261 0.573741 0.304139 0.544836 0.270891 0.525620 0.233119 0.498014 0.218358 0.491046 0.210858 0.482893 0.191402 0.446139 0.156113 0.424505 0.147780 0.404939 0.145944 0.387478 0.152782 0.380776 0.160520 0.381270 0.188820 0.362084 0.208753 0.357372 0.218635 0.331872 0.212547 0.286957 0.213331 0.267466 0.215849 0.251996 0.224829 0.226609 0.225273 0.195098 0.210579 0.150221 0.213540 0.134750 0.222521 0.116521 0.241348 0.114758 0.252267 0.106218 0.266571 0.084737 0.266945 0.073134 0.273681 0.058962 0.301148 0.020590 0.341014 0.000000 0.382969 0.000000 0.454992
1 0.269307 0.768924 0.279071 0.768753 0.284853 0.764297 0.491929 0.765038 0.501617 0.760514 0.579730 0.759150 0.599183 0.754455 0.650070 0.760100 0.966314 0.748047 0.976960 0.742417 0.975812 0.732638 0.761001 0.736388 0.727727 0.732613 0.616378 0.732379 0.434803 0.737726 0.421057 0.733611 0.333180 0.735145 0.257096 0.740828 0.254375 0.752852 0.258433 0.761492 0.269307 0.768924
1 0.509109 0.574199 0.509679 0.606853 0.512665 0.610067 0.523349 0.606614 0.524815 0.522752 0.516966 0.520711 0.514093 0.524028 0.509109 0.574199
1 0.521267 0.711175 0.520856 0.631700 0.511054 0.629694 0.508182 0.633010 0.508410 0.646072 0.504656 0.654848 0.507369 0.698352 0.503539 0.702774 0.503995 0.728897 0.510925 0.734220 0.517703 0.730835 0.521267 0.711175
1 0.674051 0.679111 0.671946 0.670437 0.667235 0.680318 0.671217 0.684604 0.670715 0.711833 0.674051 0.679111
1 0.664256 0.621576 0.669233 0.626933 0.673139 0.626864 0.677850 0.616983 0.679620 0.550536 0.669780 0.546352 0.667022 0.556200 0.664256 0.621576
1 0.396112 0.871234 0.373711 0.874892 0.396530 0.895181 0.421916 0.894737 0.462774 0.885314 0.486208 0.884905 0.483411 0.892575 0.494171 0.893476 0.498001 0.889054 0.515538 0.886570 0.534914 0.877522 0.607169 0.876261 0.614904 0.871771 0.636423 0.873572 0.647988 0.864660 0.661658 0.864422 0.681072 0.857550 0.792156 0.842546 0.801882 0.840198 0.803721 0.833633 0.706079 0.835338 0.686627 0.840032 0.639721 0.838674 0.618316 0.843402 0.495402 0.852081 0.481808 0.856673 0.446657 0.857287 0.427243 0.864158 0.407677 0.862322 0.396112 0.871234
1 0.483326 0.384110 0.475401 0.377716 0.453844 0.373737 0.442013 0.367411 0.420532 0.367786 0.412607 0.361391 0.396065 0.364947 0.399165 0.374692 0.414826 0.376596 0.444384 0.391323 0.483554 0.397172 0.513037 0.407545 0.526669 0.405130 0.534594 0.411524 0.581766 0.428121 0.628710 0.431657 0.633535 0.428307 0.632463 0.422881 0.622547 0.414344 0.602867 0.405977 0.569555 0.400026 0.553666 0.385060 0.541987 0.387442 0.540148 0.394007 0.528318 0.387680 0.520582 0.392170 0.500902 0.383804 0.483326 0.384110
1 0.616484 0.514619 0.600861 0.514892 0.579228 0.506559 0.553841 0.507002 0.516624 0.501119 0.447971 0.484897 0.381423 0.477348 0.348072 0.469220 0.305034 0.465616 0.298294 0.471177 0.305262 0.478677 0.372038 0.499287 0.418982 0.502823 0.430813 0.509149 0.491503 0.516800 0.503334 0.523127 0.538485 0.522513 0.575778 0.532750 0.618817 0.536354 0.759952 0.564377 0.806896 0.567912 0.869615 0.579883 0.889143 0.579542 0.924484 0.589813 0.938153 0.589575 0.938039 0.583044 0.896840 0.572875 0.888915 0.566481 0.865481 0.566890 0.800848 0.557130 0.771289 0.542403 0.724269 0.534513 0.693024 0.535059 0.673344 0.526692 0.651825 0.524890 0.616484 0.514619
1 0.611530 0.622496 0.613749 0.637700 0.624584 0.642955 0.642084 0.638294 0.651962 0.644655 0.667584 0.644382 0.714642 0.654449 0.786973 0.657541 0.961192 0.678454 0.976777 0.676004 0.979649 0.672688 0.978502 0.662908 0.970577 0.656514 0.947067 0.652569 0.909963 0.653217 0.868802 0.645225 0.724064 0.634686 0.690790 0.630911 0.665252 0.622647 0.632054 0.623226 0.624166 0.619009 0.611530 0.622496
1 0.158671 0.585760 0.155837 0.591253 0.160852 0.598787 0.170692 0.602971 0.190221 0.602630 0.204004 0.608922 0.219627 0.608649 0.241222 0.614805 0.354600 0.619359 0.430950 0.628914 0.511054 0.629694 0.544442 0.639999 0.599121 0.639044 0.600922 0.630303 0.589015 0.619622 0.479277 0.599762 0.424598 0.600717 0.367776 0.590820 0.313097 0.591775 0.295407 0.585551 0.254398 0.586267 0.219133 0.580349 0.172265 0.581168 0.158671 0.585760
