0 0.909071 0.241703 0.891215 0.216475 0.878787 0.211420 0.857463 0.214038 0.847015 0.201063 0.843749 0.190496 0.823078 0.174388 0.806508 0.167648 0.761655 0.170962 0.732496 0.189897 0.707294 0.192992 0.690724 0.186252 0.671073 0.186471 0.626486 0.191946 0.602081 0.201523 0.596041 0.192394 0.574267 0.175325 0.570817 0.147231 0.563104 0.140501 0.544861 0.136160 0.525740 0.140701 0.505477 0.151964 0.473992 0.192024 0.468626 0.212425 0.462770 0.220822 0.437487 0.239282 0.423714 0.279361 0.399718 0.316308 0.377251 0.325647 0.350826 0.350828 0.330747 0.379617 0.314892 0.394725 0.303526 0.398314 0.270998 0.373791 0.247735 0.376648 0.231349 0.387434 0.208087 0.390290 0.200863 0.395564 0.190783 0.417641 0.162338 0.458425 0.148444 0.521552 0.148628 0.539078 0.141364 0.552035 0.121978 0.554415 0.116693 0.559452 0.104531 0.556558 0.081533 0.561575 0.079064 0.557491 0.063025 0.555073 0.054475 0.549542 0.039231 0.553607 0.030559 0.571124 0.036397 0.618667 0.033581 0.627787 0.033949 0.662839 0.042787 0.718788 0.051337 0.724319 0.050991 0.737523 0.055133 0.739208 0.045971 0.744720 0.045584 0.765607 0.047135 0.786256 0.069440 0.807647 0.066093 0.812445 0.074931 0.868394 0.086521 0.874648 0.100357 0.875143 0.098378 0.883064 0.101683 0.885948 0.115784 0.888604 0.137374 0.888147 0.165921 0.880254 0.174472 0.885785 0.240118 0.875531 0.258361 0.879872 0.287439 0.876302 0.323395 0.880661 0.370186 0.877110 0.384817 0.884088 0.393979 0.878576 0.444036 0.885591 0.473645 0.886343 0.486949 0.882515 0.512335 0.896947 0.522293 0.897918 0.531721 0.894567 0.534271 0.883286 0.544494 0.886418 0.573042 0.878525 0.569921 0.893167 0.564370 0.896042 0.569615 0.898689 0.611998 0.891291 0.617854 0.882894 0.616221 0.877611 0.632301 0.872346 0.620976 0.868253 0.613487 0.871366 0.611018 0.867282 0.593305 0.867263 0.535148 0.874404 0.526333 0.866712 0.522721 0.869349 0.517211 0.864541 0.529414 0.859753 0.610833 0.849756 0.621894 0.851688 0.626526 0.865378 0.653666 0.862045 0.653891 0.871889 0.657197 0.874773 0.673052 0.859665 0.705742 0.853457 0.726086 0.826830 0.774285 0.818718 0.788773 0.800487 0.799240 0.757524 0.796240 0.749118 0.789893 0.745510 0.790505 0.734466 0.779751 0.727012 0.774057 0.704679 0.789300 0.700613 0.809298 0.687190 0.826745 0.685048 0.837234 0.690341 0.848865 0.688913 0.865516 0.680287 0.896084 0.656792 0.899165 0.649833 0.923040 0.635933 0.932242 0.622738 0.947994 0.574738 0.939872 0.540638 0.921791 0.505567 0.918342 0.477474 0.925381 0.454673 0.936522 0.441240 0.967274 0.435271 0.982027 0.419201 0.989413 0.383196 0.981453 0.318366 0.952618 0.275841 0.909071 0.241703
1 0.061420 0.806438 0.072746 0.810531 0.387589 0.778454 0.437196 0.765783 0.457112 0.767724 0.534655 0.758203 0.544879 0.761335 0.749836 0.731782 0.756182 0.735390 0.765875 0.734200 0.775609 0.725327 0.778424 0.716207 0.774057 0.704679 0.697922 0.709640 0.610687 0.720351 0.597648 0.726339 0.417096 0.746315 0.306863 0.762043 0.274438 0.770412 0.061195 0.796594 0.061420 0.806438
1 0.491716 0.608826 0.502777 0.610759 0.505286 0.607160 0.501306 0.574745 0.489388 0.525755 0.486082 0.522871 0.478593 0.525984 0.491716 0.608826
1 0.508330 0.712079 0.514595 0.731053 0.521778 0.733461 0.527900 0.727225 0.524716 0.701293 0.520308 0.697447 0.516940 0.653989 0.512001 0.645821 0.510409 0.632854 0.507103 0.629970 0.497676 0.633321 0.508330 0.712079
1 0.360428 0.733530 0.356142 0.706636 0.359488 0.701838 0.353448 0.692709 0.352570 0.701591 0.360428 0.733530
1 0.340162 0.640597 0.346202 0.649726 0.350079 0.649250 0.354262 0.643252 0.342425 0.578898 0.338323 0.569530 0.329161 0.575042 0.340162 0.640597
1 0.248403 0.878901 0.258361 0.879872 0.370451 0.879271 0.390633 0.883374 0.404203 0.881707 0.416896 0.888923 0.437954 0.884144 0.446239 0.887514 0.517966 0.878707 0.538413 0.884971 0.556126 0.884990 0.560534 0.888836 0.571063 0.886446 0.567227 0.879239 0.590489 0.876383 0.632261 0.880029 0.657462 0.876934 0.677235 0.853667 0.654543 0.853163 0.641850 0.845947 0.622730 0.850488 0.602548 0.846386 0.567654 0.850670 0.553554 0.848014 0.430628 0.856527 0.408773 0.854823 0.362513 0.862697 0.342596 0.860755 0.245668 0.872656 0.248403 0.878901
1 0.357787 0.447589 0.363031 0.450235 0.409026 0.440201 0.453429 0.417200 0.460387 0.409765 0.474223 0.410259 0.501975 0.395884 0.539950 0.384640 0.567171 0.365943 0.582414 0.361878 0.584128 0.351796 0.567252 0.350578 0.560294 0.358013 0.538970 0.360631 0.528134 0.368542 0.507341 0.375483 0.500383 0.382918 0.482935 0.385060 0.464611 0.396084 0.456326 0.392714 0.445491 0.400626 0.442756 0.394381 0.430859 0.393648 0.417208 0.410679 0.385049 0.421209 0.366724 0.432233 0.358093 0.442067 0.357787 0.447589
1 0.078577 0.649682 0.092147 0.648016 0.125714 0.632926 0.145100 0.630546 0.205542 0.609963 0.251537 0.599929 0.387399 0.552536 0.429517 0.542978 0.465023 0.527650 0.499917 0.523366 0.510753 0.515454 0.569787 0.499431 0.580622 0.491520 0.626617 0.481486 0.689875 0.451782 0.695731 0.443386 0.688283 0.438816 0.646165 0.448375 0.614271 0.461065 0.549421 0.477802 0.483694 0.503422 0.447657 0.514427 0.422456 0.517521 0.402193 0.528784 0.386684 0.530688 0.353117 0.545778 0.332058 0.550557 0.313734 0.561581 0.282717 0.565390 0.237252 0.579746 0.210031 0.598444 0.147385 0.617104 0.124122 0.619960 0.117164 0.627395 0.077781 0.643199 0.078577 0.649682
1 0.049052 0.737761 0.052358 0.740646 0.068132 0.740903 0.237745 0.695947 0.308942 0.682818 0.354141 0.666300 0.369649 0.664396 0.378546 0.656723 0.396524 0.658903 0.406523 0.652191 0.406604 0.636826 0.393605 0.635131 0.386381 0.640405 0.353426 0.644452 0.329286 0.656190 0.296861 0.664559 0.154999 0.695139 0.115350 0.708782 0.078518 0.713304 0.055786 0.720482 0.048827 0.727918 0.049052 0.737761
1 0.421194 0.651486 0.475474 0.644821 0.507103 0.629970 0.586319 0.618050 0.660597 0.597962 0.772237 0.577673 0.792766 0.568572 0.808274 0.566668 0.821048 0.558518 0.840434 0.556138 0.849596 0.550626 0.853514 0.542467 0.849942 0.537422 0.835842 0.534766 0.789316 0.540478 0.755218 0.551246 0.714508 0.556244 0.697857 0.564870 0.643577 0.571535 0.588685 0.589242 0.534406 0.595907 0.428499 0.630847 0.418195 0.643080 0.421194 0.651486
