0 0.556288 0.000000 0.521452 0.011719 0.507300 0.028320 0.505123 0.059570 0.493148 0.072266 0.471376 0.082031 0.443071 0.082031 0.406058 0.068359 0.371222 0.064453 0.325499 0.085938 0.313525 0.096680 0.302638 0.122070 0.296107 0.125977 0.276511 0.159180 0.269980 0.176758 0.269980 0.188477 0.276511 0.198242 0.276511 0.215820 0.265625 0.237305 0.263448 0.252930 0.240587 0.250000 0.231878 0.240234 0.220991 0.242188 0.216637 0.236328 0.207928 0.234375 0.166560 0.250000 0.150231 0.266602 0.148053 0.315430 0.124103 0.338867 0.121926 0.372070 0.108863 0.389648 0.112129 0.392578 0.121926 0.391602 0.121926 0.418945 0.136078 0.421875 0.139344 0.432617 0.139344 0.514648 0.136078 0.527344 0.130635 0.522461 0.132812 0.518555 0.124103 0.510742 0.124103 0.452148 0.121926 0.434570 0.117572 0.432617 0.119749 0.424805 0.114306 0.414062 0.111040 0.430664 0.105597 0.429688 0.097976 0.436523 0.095799 0.479492 0.099065 0.484375 0.101242 0.478516 0.115394 0.473633 0.111040 0.502930 0.115394 0.512695 0.104508 0.516602 0.102331 0.526367 0.104508 0.536133 0.121926 0.559570 0.119749 0.573242 0.124103 0.602539 0.137167 0.651367 0.132812 0.661133 0.141522 0.674805 0.143699 0.721680 0.152408 0.756836 0.152408 0.786133 0.158940 0.803711 0.156762 0.870117 0.163294 0.877930 0.158940 0.907227 0.161117 0.928711 0.165471 0.942383 0.168737 0.945312 0.176358 0.942383 0.178535 0.956055 0.186155 0.966797 0.242764 0.968750 0.247118 0.964844 0.271068 0.984375 0.291752 0.983398 0.312436 0.980469 0.316790 0.970703 0.318968 0.974609 0.332031 0.972656 0.338563 0.980469 0.395172 0.982422 0.430008 0.978516 0.438717 0.974609 0.486616 0.974609 0.502946 0.963867 0.505123 0.948242 0.498591 0.940430 0.494237 0.924805 0.489882 0.922852 0.492059 0.899414 0.487705 0.887695 0.492059 0.881836 0.492059 0.862305 0.504034 0.853516 0.521452 0.851562 0.582415 0.830078 0.619429 0.796875 0.640113 0.784180 0.644467 0.776367 0.644467 0.752930 0.653176 0.735352 0.653176 0.711914 0.624872 0.682617 0.627049 0.670898 0.640113 0.653320 0.666240 0.629883 0.688012 0.600586 0.694544 0.577148 0.728291 0.548828 0.766393 0.530273 0.781634 0.502930 0.789255 0.496094 0.808850 0.488281 0.844775 0.452148 0.853484 0.430664 0.855661 0.411133 0.849129 0.393555 0.841509 0.386719 0.813204 0.386719 0.793609 0.367188 0.783811 0.362305 0.790343 0.336914 0.790343 0.291992 0.788166 0.272461 0.779457 0.256836 0.779457 0.231445 0.794698 0.200195 0.792520 0.155273 0.783811 0.139648 0.765305 0.121094 0.754419 0.119141 0.740266 0.110352 0.740266 0.088867 0.733735 0.077148 0.706519 0.062500 0.667328 0.023438 0.621606 0.000000 0.556288 0.000000
1 0.263448 0.430664 0.267802 0.416992 0.267802 0.329102 0.263448 0.252930 0.251473 0.250000 0.242764 0.253906 0.235143 0.264648 0.235143 0.274414 0.239498 0.280273 0.235143 0.487305 0.239498 0.497070 0.239498 0.575195 0.243852 0.594727 0.237321 0.645508 0.243852 0.961914 0.249296 0.972656 0.259093 0.971680 0.259093 0.756836 0.263448 0.723633 0.265625 0.612305 0.263448 0.430664
1 0.392994 0.507812 0.389728 0.510742 0.392994 0.521484 0.476819 0.524414 0.478996 0.516602 0.475730 0.513672 0.425653 0.507812 0.392994 0.507812
1 0.345095 0.501953 0.301550 0.503906 0.297195 0.500000 0.271068 0.500000 0.265625 0.506836 0.268891 0.513672 0.288486 0.517578 0.367956 0.518555 0.370133 0.508789 0.366867 0.505859 0.353804 0.505859 0.345095 0.501953
1 0.285220 0.666992 0.317879 0.670898 0.326588 0.668945 0.316790 0.664062 0.312436 0.667969 0.285220 0.666992
1 0.370133 0.666992 0.370133 0.670898 0.379931 0.675781 0.446337 0.678711 0.450692 0.668945 0.440894 0.666016 0.375576 0.662109 0.370133 0.666992
1 0.154585 0.612305 0.148053 0.489258 0.143699 0.475586 0.143699 0.440430 0.137167 0.420898 0.139344 0.401367 0.130635 0.389648 0.127369 0.367188 0.106685 0.389648 0.106685 0.415039 0.115394 0.456055 0.115394 0.479492 0.107774 0.476562 0.106685 0.487305 0.111040 0.491211 0.113217 0.508789 0.121926 0.528320 0.121926 0.600586 0.126281 0.608398 0.124103 0.629883 0.132812 0.641602 0.132812 0.655273 0.139344 0.674805 0.152408 0.786133 0.154585 0.795898 0.161117 0.797852 0.161117 0.700195 0.156762 0.680664 0.158940 0.633789 0.154585 0.612305
1 0.613986 0.555664 0.611808 0.543945 0.605277 0.541992 0.611808 0.530273 0.607454 0.522461 0.616163 0.502930 0.616163 0.485352 0.622695 0.477539 0.627049 0.456055 0.633581 0.444336 0.633581 0.422852 0.640113 0.415039 0.636847 0.398438 0.627049 0.401367 0.624872 0.416992 0.609631 0.446289 0.603099 0.485352 0.592213 0.514648 0.594390 0.528320 0.587859 0.536133 0.570441 0.583008 0.566086 0.629883 0.569352 0.634766 0.574795 0.633789 0.583504 0.624023 0.592213 0.604492 0.598745 0.571289 0.613986 0.555664
1 0.437628 0.799805 0.452869 0.770508 0.461578 0.723633 0.461578 0.692383 0.470287 0.672852 0.472464 0.651367 0.483350 0.616211 0.483350 0.600586 0.492059 0.579102 0.492059 0.553711 0.498591 0.516602 0.516009 0.448242 0.524718 0.381836 0.533427 0.348633 0.537782 0.305664 0.532339 0.298828 0.524718 0.305664 0.502946 0.372070 0.498591 0.418945 0.492059 0.430664 0.483350 0.491211 0.476819 0.502930 0.476819 0.538086 0.465932 0.575195 0.461578 0.618164 0.431096 0.758789 0.426742 0.805664 0.413678 0.868164 0.413678 0.887695 0.402792 0.922852 0.402792 0.936523 0.409324 0.936523 0.420210 0.895508 0.426742 0.887695 0.426742 0.864258 0.437628 0.799805
1 0.348361 0.866211 0.361424 0.721680 0.365779 0.688477 0.374488 0.663086 0.374488 0.629883 0.378842 0.622070 0.375576 0.609375 0.360336 0.611328 0.354892 0.622070 0.359247 0.639648 0.352715 0.649414 0.352715 0.665039 0.341829 0.711914 0.337474 0.784180 0.313525 0.958008 0.315702 0.973633 0.318968 0.976562 0.328765 0.975586 0.335297 0.967773 0.339652 0.944336 0.339652 0.907227 0.348361 0.866211
1 0.411501 0.366211 0.411501 0.311523 0.418033 0.293945 0.418033 0.252930 0.424565 0.217773 0.424565 0.170898 0.420210 0.157227 0.414767 0.154297 0.407147 0.159180 0.402792 0.168945 0.402792 0.188477 0.396260 0.202148 0.396260 0.217773 0.389728 0.239258 0.383197 0.352539 0.372310 0.428711 0.370133 0.508789 0.359247 0.541992 0.359247 0.596680 0.367956 0.598633 0.378842 0.586914 0.400615 0.477539 0.400615 0.422852 0.411501 0.366211
