1 0.316406 0.926758 0.314453 0.969727 0.332031 0.973633 0.402344 0.473633 0.416992 0.156250 0.392578 0.225586 0.316406 0.926758
1 0.262695 0.248047 0.234375 0.270508 0.242188 0.936523 0.257812 0.977539 0.265625 0.309570 0.296875 0.305664 0.267578 0.286133 0.262695 0.248047
1 0.111328 0.489258 0.123047 0.627930 0.160156 0.795898 0.150391 0.502930 0.125977 0.367188 0.107422 0.387695 0.111328 0.489258
1 0.408203 0.936523 0.486328 0.616211 0.532227 0.302734 0.488281 0.442383 0.408203 0.936523
1 0.553711 0.707031 0.537109 0.713867 0.535156 0.768555 0.553711 0.707031
1 0.572266 0.639648 0.615234 0.555664 0.635742 0.398438 0.570312 0.579102 0.572266 0.639648
1 0.474609 0.524414 0.477539 0.513672 0.442383 0.507812 0.388672 0.510742 0.474609 0.524414
1 0.354492 0.501953 0.267578 0.504883 0.367188 0.518555 0.354492 0.501953
1 0.444336 0.666016 0.371094 0.668945 0.449219 0.678711 0.444336 0.666016
0 0.638672 0.786133 0.656250 0.723633 0.623047 0.688477 0.625000 0.670898 0.695312 0.577148 0.841797 0.452148 0.853516 0.418945 0.846680 0.392578 0.813477 0.386719 0.789062 0.360352 0.787109 0.149414 0.721680 0.072266 0.631836 0.000000 0.526367 0.007812 0.492188 0.067383 0.456055 0.089844 0.407227 0.042969 0.331055 0.080078 0.283203 0.149414 0.261719 0.249023 0.194336 0.240234 0.157227 0.257812 0.148438 0.311523 0.101562 0.397461 0.095703 0.530273 0.123047 0.584961 0.142578 0.688477 0.156250 0.688477 0.148438 0.750977 0.179688 0.973633 0.237305 0.982422 0.254883 0.960938 0.268555 0.984375 0.427734 0.983398 0.500000 0.965820 0.500977 0.855469 0.575195 0.830078 0.638672 0.786133
