1 0.120739 0.231690 0.079115 0.220846 0.071640 0.237228 0.546095 0.409960 0.853497 0.490276 0.790752 0.451979 0.120739 0.231690
1 0.757517 0.317123 0.795786 0.320265 0.779704 0.287894 0.126618 0.157063 0.083250 0.163819 0.734998 0.310339 0.732321 0.341718 0.757517 0.317123
1 0.591317 0.122055 0.453239 0.104686 0.281225 0.106062 0.569822 0.157421 0.707674 0.161763 0.691472 0.139350 0.591317 0.122055
1 0.686255 0.572536 0.558795 0.500517 0.092101 0.319451 0.389171 0.462465 0.686255 0.572536
1 0.286326 0.509493 0.283091 0.491833 0.230004 0.478552 0.286326 0.509493
1 0.571121 0.653892 0.408008 0.552330 0.348378 0.541652 0.421594 0.601143 0.571121 0.653892
1 0.504338 0.442018 0.512639 0.388871 0.481398 0.470088 0.491297 0.475187 0.504338 0.442018
1 0.528342 0.357266 0.543547 0.271642 0.509464 0.366232 0.528342 0.357266
1 0.349185 0.411036 0.361548 0.338785 0.335752 0.413172 0.349185 0.411036
0 0.505783 0.862643 0.532996 0.861438 0.545630 0.830179 0.576497 0.811780 0.783231 0.853726 0.872298 0.805766 0.961664 0.732911 0.975950 0.628123 0.924788 0.582304 0.910330 0.542291 0.966333 0.504276 0.945871 0.422053 0.887999 0.360832 0.795034 0.319107 0.817640 0.255024 0.808162 0.215071 0.757452 0.195306 0.683138 0.131588 0.554446 0.098244 0.495269 0.113620 0.389954 0.111202 0.387112 0.124575 0.327602 0.103939 0.103314 0.088213 0.082738 0.142744 0.100098 0.164405 0.074330 0.172905 0.042190 0.328809 0.044359 0.403151 0.152096 0.427049 0.161501 0.504925 0.191288 0.576151 0.248768 0.606340 0.290059 0.581172 0.306847 0.586737 0.383930 0.675004 0.475742 0.844277 0.505783 0.862643
