1 0.958984 0.513032 0.978516 0.470501 0.968750 0.459868 0.977539 0.441260 0.987305 0.457210 0.994141 0.433286 1.000000 0.358856 0.987305 0.361515 0.971680 0.419995 0.952148 0.435944 0.885742 0.552905 0.859375 0.672523 0.814453 0.800117 0.812500 0.837331 0.822266 0.837331 0.903320 0.664549 0.920898 0.606068 0.942383 0.579487 0.958984 0.513032
1 0.000000 0.847964 0.003906 0.847964 0.025391 0.789484 0.093750 0.491766 0.121094 0.438602 0.201172 0.151517 0.232422 0.023924 0.229492 0.000000 0.204102 0.005316 0.191406 0.034557 0.158203 0.178099 0.058594 0.528981 0.046875 0.603410 0.007812 0.709738 0.000000 0.762902 0.000000 0.847964
1 0.906250 0.130252 0.885742 0.106328 0.862305 0.116961 0.828125 0.257845 0.803711 0.303034 0.762695 0.430628 0.597656 0.853281 0.598633 0.887837 0.611328 0.885179 0.674805 0.754927 0.706055 0.659232 0.813477 0.409362 0.906250 0.130252
1 0.578125 0.566196 0.626953 0.396071 0.726562 0.114302 0.744141 0.045189 0.737305 0.010633 0.717773 0.015949 0.687500 0.119619 0.658203 0.183415 0.648438 0.247212 0.614258 0.318983 0.572266 0.454551 0.421875 0.853281 0.424805 0.882521 0.437500 0.879863 0.454102 0.861255 0.505859 0.731004 0.516602 0.685814 0.578125 0.566196
1 0.298828 0.427969 0.355469 0.273794 0.367188 0.194048 0.410156 0.029240 0.409180 0.005316 0.385742 0.015949 0.373047 0.077088 0.300781 0.289743 0.242188 0.507715 0.128906 0.863913 0.129883 0.882521 0.138672 0.885179 0.166992 0.839990 0.263672 0.587461 0.292969 0.486450 0.298828 0.427969
1 0.437500 0.598094 0.458984 0.555563 0.486328 0.422653 0.587891 0.087720 0.593750 0.045189 0.590820 0.015949 0.579102 0.015949 0.531250 0.151517 0.335938 0.762902 0.287109 0.895812 0.293945 0.925052 0.308594 0.922394 0.375977 0.754927 0.405273 0.707080 0.435547 0.624676 0.437500 0.598094
1 0.085938 0.417337 0.083984 0.406704 0.016602 0.404046 0.000000 0.438602 0.018555 0.473159 0.046875 0.475817 0.033203 0.454551 0.041992 0.441260 0.073242 0.446577 0.085938 0.417337
1 0.532227 0.361515 0.507812 0.385438 0.524414 0.425311 0.562500 0.433286 0.580078 0.417337 0.587891 0.380122 0.584961 0.361515 0.532227 0.361515
1 0.304688 0.412020 0.305664 0.435944 0.319336 0.446577 0.363281 0.449235 0.436523 0.435944 0.455078 0.374805 0.325195 0.377464 0.304688 0.412020
1 0.137695 0.393413 0.123047 0.427969 0.127930 0.467842 0.151367 0.457210 0.187500 0.470501 0.250977 0.457210 0.267578 0.396071 0.159180 0.382780 0.137695 0.393413
1 0.577148 0.361515 0.545898 0.350882 0.513672 0.380122 0.528320 0.425311 0.541992 0.414678 0.545898 0.430628 0.555664 0.419995 0.570312 0.433286 0.583984 0.396071 0.583008 0.382780 0.570312 0.380122 0.577148 0.361515
1 0.961914 0.388096 0.982422 0.337591 0.973633 0.308351 0.915039 0.303034 0.872070 0.334933 0.836914 0.340249 0.828125 0.369489 0.838867 0.382780 0.868164 0.377464 0.875000 0.396071 0.875977 0.372147 0.924805 0.382780 0.938477 0.361515 0.961914 0.388096
1 0.752930 0.441260 0.789062 0.353540 0.791016 0.332274 0.764648 0.313667 0.727539 0.334933 0.653320 0.334933 0.625000 0.406704 0.623047 0.433286 0.658203 0.454551 0.690430 0.409362 0.723633 0.414678 0.737305 0.441260 0.752930 0.441260
1 0.000000 0.220630 0.001953 0.332274 0.088867 0.000000 0.046875 0.007975 0.011719 0.188732 0.000000 0.220630
1 0.000977 0.994165 0.976562 0.996823 0.999023 0.994165 1.000000 0.954292 0.000000 0.954292 0.000977 0.994165
