2 0.440876 0.000000 0.000000 0.109464 0.000000 0.152492 0.318402 0.086332 0.409300 0.083798 0.497363 0.069893 0.585998 0.074968 0.583362 0.097768 0.801120 0.086752 0.878987 0.065325 0.896918 0.053809 0.885919 0.000000 0.440876 0.000000
2 0.621307 0.750557 0.620934 0.765747 0.652742 0.759829 0.693230 0.738663 0.675672 0.734989 0.621307 0.750557
2 0.293327 0.853467 0.201682 0.886381 0.097205 0.934572 0.095887 0.945972 0.146098 0.930434 0.219240 0.890055 0.304941 0.866675 0.361196 0.858688 0.419614 0.826006 0.591961 0.783035 0.609419 0.769624 0.293327 0.853467
2 0.259059 0.515789 0.233295 0.529258 0.266520 0.529026 0.244908 0.542466 0.257841 0.544274 0.328346 0.526695 0.349013 0.509465 0.359682 0.518882 0.527875 0.475940 0.514470 0.472237 0.372987 0.505500 0.398279 0.490136 0.325412 0.498239 0.259059 0.515789
2 0.352642 0.657515 0.318098 0.669148 0.325087 0.680489 0.191437 0.711799 0.133864 0.731186 0.374925 0.680141 0.429763 0.666468 0.443540 0.654981 0.476766 0.654749 0.498850 0.643204 0.596066 0.615946 0.505739 0.637460 0.482138 0.626235 0.352642 0.657515
2 0.373809 0.408675 0.376644 0.420046 0.427800 0.408297 0.409397 0.417918 0.377116 0.421941 0.341726 0.446868 0.314544 0.454652 0.320587 0.462203 0.327476 0.456460 0.380523 0.452292 0.366844 0.480864 0.520315 0.445619 0.487089 0.445851 0.517480 0.434248 0.515590 0.426667 0.482836 0.428795 0.471222 0.415587 0.400717 0.433166 0.403453 0.427452 0.477639 0.407949 0.443468 0.404391 0.473859 0.392788 0.464135 0.387161 0.373809 0.408675
2 0.242146 0.781685 0.421754 0.717781 0.255352 0.751218 0.245628 0.745591 0.305937 0.720490 0.265822 0.726466 0.274974 0.713113 0.302629 0.707224 0.270348 0.711247 0.168980 0.738534 0.200788 0.732616 0.178231 0.742266 0.196262 0.747835 0.160300 0.753782 0.142842 0.767193 0.175123 0.763170 0.186736 0.776378 0.128691 0.793869 0.088676 0.816930 0.070844 0.845531 0.076041 0.866378 0.096807 0.866232 0.242146 0.781685
2 1.000000 0.494745 0.986618 0.480325 0.850233 0.517349 0.828149 0.528894 0.677887 0.560320 0.679304 0.566005 0.789452 0.540555 0.787661 0.550060 0.752645 0.559797 0.716783 0.582828 0.654584 0.600349 0.650057 0.615568 0.521034 0.648744 0.534439 0.652447 0.675449 0.617289 0.688854 0.620992 0.544163 0.658074 0.487534 0.681251 0.488952 0.686937 0.549360 0.678920 0.696787 0.636124 0.731430 0.641577 0.754932 0.635717 0.748416 0.626271 0.822130 0.604872 0.893854 0.558809 0.975401 0.535457 1.000000 0.513291 1.000000 0.494745
2 0.428023 0.525998 0.386118 0.541478 0.457568 0.527689 0.455305 0.535299 0.389898 0.556639 0.438319 0.550605 0.400193 0.581246 0.364232 0.587193 0.349410 0.577805 0.216706 0.612904 0.268808 0.604946 0.278631 0.627659 0.247295 0.635471 0.229737 0.631797 0.215959 0.643284 0.129786 0.664770 0.104395 0.663049 0.071268 0.680366 0.077311 0.687918 0.107230 0.674420 0.121107 0.680018 0.067687 0.699376 0.089497 0.720106 0.060051 0.735499 0.093277 0.735266 0.079972 0.748648 0.097530 0.752322 0.075445 0.763867 0.100837 0.765588 0.079225 0.779028 0.100464 0.780778 0.131700 0.755880 0.114790 0.704741 0.171045 0.696754 0.350280 0.648040 0.366893 0.647924 0.388977 0.636379 0.414369 0.638100 0.483456 0.614835 0.531405 0.606906 0.549336 0.595390 0.528570 0.595536 0.482511 0.611045 0.476468 0.603494 0.539140 0.587868 0.537250 0.580287 0.501761 0.588129 0.488356 0.584426 0.523372 0.574689 0.533469 0.565127 0.469853 0.576962 0.537996 0.549908 0.486367 0.559761 0.480796 0.554105 0.625487 0.517023 0.681270 0.507140 0.655505 0.520609 0.707606 0.512651 0.708452 0.499356 0.761872 0.479999 0.712979 0.484137 0.758092 0.464838 0.737326 0.464983 0.474181 0.527573 0.476917 0.521859 0.563090 0.500373 0.557519 0.494717 0.428023 0.525998
2 0.000000 0.465516 0.025237 0.462371 0.003152 0.473916 0.023918 0.473770 0.059308 0.448843 0.109520 0.433305 0.110838 0.421905 0.153315 0.425405 0.165675 0.408233 0.321881 0.367273 0.321508 0.382463 0.341802 0.380423 0.451004 0.351183 0.431929 0.324738 0.454486 0.315088 0.428149 0.309577 0.463166 0.299840 0.484305 0.284505 0.597188 0.253341 0.535835 0.257567 0.406339 0.288847 0.462022 0.261880 0.486469 0.259811 0.520068 0.244388 0.498357 0.240743 0.428324 0.260217 0.422852 0.271646 0.397461 0.269925 0.347721 0.287359 0.390472 0.258584 0.375551 0.232110 0.407633 0.193918 0.378561 0.194121 0.372144 0.201760 0.336183 0.207706 0.338446 0.200097 0.359212 0.199952 0.357322 0.192371 0.332875 0.194441 0.320789 0.179338 0.303306 0.109219 0.264510 0.103795 0.162196 0.127292 0.148319 0.121694 0.089801 0.137290 0.034118 0.164258 0.093108 0.150556 0.099052 0.141022 0.116610 0.144696 0.139167 0.135046 0.152099 0.136854 0.187811 0.246713 0.239265 0.286219 0.186417 0.324557 0.143095 0.334352 0.134887 0.351496 0.016906 0.378899 0.006336 0.386566 0.031256 0.386392 0.000000 0.395342 0.000000 0.408344 0.003700 0.409366 0.000000 0.410949 0.000000 0.417419 0.005590 0.416946 0.000000 0.418829 0.000000 0.433303 0.001536 0.434060 0.000000 0.436195 0.000000 0.465516
2 1.000000 0.811239 0.990868 0.814416 0.993603 0.808702 0.878258 0.813305 0.842770 0.821147 0.818895 0.842197 0.892334 0.853074 1.000000 0.819042 1.000000 0.811239
