1 0.771506 0.871124 0.734602 0.865941 0.600782 0.885691 0.478329 0.888750 0.350847 0.931619 0.331464 0.947748 0.271077 0.951927 0.266045 0.963882 0.340225 0.972332 0.365014 0.970187 0.351221 0.957557 0.371163 0.952480 0.379737 0.964095 0.425214 0.953038 0.493616 0.949422 0.523808 0.933404 0.584568 0.927308 0.769643 0.880711 0.771506 0.871124
1 0.687971 0.074932 0.612673 0.072233 0.249231 0.103061 0.101991 0.108265 0.070865 0.115148 0.060802 0.139058 0.083727 0.146498 0.214939 0.140169 0.512029 0.116340 0.569434 0.099643 0.874725 0.089347 0.936230 0.079416 0.936976 0.075581 0.853476 0.059350 0.799798 0.056875 0.687971 0.074932
1 0.861891 0.670823 0.828156 0.663271 0.381778 0.744632 0.248702 0.760548 0.199685 0.775891 0.054867 0.782561 0.039958 0.803539 0.059529 0.828235 0.351213 0.790423 0.616990 0.732652 0.716889 0.720235 0.856860 0.682778 0.861891 0.670823
1 0.000000 0.650034 0.006961 0.652873 0.078159 0.648805 0.373757 0.604790 0.550072 0.589320 0.679233 0.551752 0.725641 0.549829 0.863376 0.523876 0.884809 0.511129 0.889841 0.499175 0.861697 0.490719 0.441597 0.562266 0.300508 0.577619 0.223533 0.597476 0.159045 0.594889 0.090831 0.611475 0.000000 0.619867 0.000000 0.650034
1 0.946114 0.209671 0.928035 0.205162 0.556766 0.248396 0.331619 0.264323 0.109082 0.294684 0.046644 0.295480 0.031734 0.316458 0.055032 0.321982 0.225011 0.311249 0.305528 0.314962 0.467678 0.288780 0.526202 0.294187 0.630948 0.284702 0.897284 0.237984 0.947047 0.218806 0.946114 0.209671
1 0.956560 0.378835 0.929161 0.366545 0.789376 0.389116 0.151957 0.464182 0.009749 0.485287 0.007513 0.496790 0.035657 0.505246 0.078525 0.507609 0.426683 0.471821 0.562368 0.470340 0.608217 0.457365 0.634683 0.460520 0.721350 0.446527 0.773908 0.426898 0.951155 0.392707 0.956560 0.378835
1 0.525468 0.000000 0.498045 0.007174 0.487797 0.073826 0.497862 0.077772 0.528988 0.070889 0.529732 0.039199 0.544455 0.033107 0.562722 0.050586 0.565516 0.022279 0.538232 0.000000 0.525468 0.000000
1 0.422025 0.509714 0.386052 0.485810 0.357910 0.505210 0.347848 0.556976 0.365554 0.563402 0.403576 0.562834 0.422586 0.548622 0.422025 0.509714
1 0.482031 0.312462 0.474202 0.297012 0.450904 0.291489 0.413069 0.305026 0.385677 0.432015 0.449233 0.425467 0.476255 0.356107 0.482031 0.312462
1 0.524518 0.149608 0.539428 0.128630 0.501219 0.116228 0.464502 0.124014 0.449965 0.143075 0.442329 0.252018 0.505512 0.247387 0.530670 0.187613 0.524518 0.149608
1 0.410844 0.539376 0.423144 0.531818 0.408234 0.524941 0.421280 0.513549 0.379716 0.490547 0.344864 0.516602 0.349338 0.549307 0.368908 0.546147 0.369095 0.559116 0.381956 0.562611 0.421095 0.556291 0.410844 0.539376
1 0.309466 0.838019 0.320275 0.810275 0.309278 0.797194 0.278898 0.800242 0.266971 0.833738 0.227460 0.869831 0.221498 0.928362 0.248524 0.942569 0.302015 0.932075 0.280394 0.903996 0.303877 0.894633 0.302757 0.844673 0.326427 0.848280 0.309466 0.838019
1 0.411033 0.608056 0.384567 0.604902 0.308710 0.619007 0.294549 0.691862 0.266593 0.724232 0.279828 0.753665 0.301075 0.755806 0.394078 0.737075 0.397060 0.721737 0.373575 0.703244 0.374692 0.669636 0.425200 0.646624 0.411033 0.608056
1 1.000000 0.308596 0.865605 1.000000 0.908755 1.000000 1.000000 0.523659 1.000000 0.308596
