2 0.678195 0.870117 0.686268 0.891602 0.601494 0.917969 0.512683 0.925781 0.423872 0.945312 0.028258 0.960938 0.000000 0.975586 0.004037 1.000000 1.000000 0.999023 0.993071 0.836914 0.972886 0.830078 0.892149 0.828125 0.678195 0.870117
2 0.557088 0.227539 0.613605 0.229492 0.629752 0.221680 0.585347 0.210938 0.553052 0.212891 0.557088 0.227539
2 0.222028 0.191406 0.133217 0.189453 0.052479 0.167969 0.000000 0.165039 0.004037 0.175781 0.117069 0.197266 0.213954 0.207031 0.540941 0.211914 0.520757 0.203125 0.343134 0.203125 0.278544 0.185547 0.222028 0.191406
2 0.532867 0.516602 0.359282 0.515625 0.351208 0.527344 0.326987 0.515625 0.254323 0.515625 0.242212 0.520508 0.266434 0.528320 0.234139 0.536133 0.262397 0.542969 0.331024 0.543945 0.403687 0.534180 0.375429 0.525391 0.520757 0.523438 0.532867 0.516602
2 0.440019 0.355469 0.407724 0.363281 0.391577 0.355469 0.335060 0.355469 0.088811 0.364258 0.149364 0.369141 0.286618 0.367188 0.282581 0.379883 0.318913 0.382812 0.452130 0.381836 0.472314 0.365234 0.565162 0.364258 0.464240 0.361328 0.440019 0.355469
2 0.423872 0.593750 0.419835 0.588867 0.492499 0.588867 0.500572 0.573242 0.532867 0.567383 0.532867 0.559570 0.500572 0.555664 0.532867 0.547852 0.375429 0.550781 0.395614 0.575195 0.343134 0.583984 0.335060 0.580078 0.331024 0.588867 0.359282 0.589844 0.399650 0.605469 0.431945 0.601562 0.452130 0.606445 0.399650 0.607422 0.399650 0.619141 0.492499 0.618164 0.500572 0.610352 0.468277 0.606445 0.500572 0.594727 0.423872 0.593750
2 0.000000 0.268555 0.024221 0.291992 0.068627 0.304688 0.129180 0.307617 0.121106 0.323242 0.088811 0.327148 0.108996 0.335938 0.145327 0.333008 0.129180 0.342773 0.153401 0.346680 0.121106 0.348633 0.226065 0.350586 0.258360 0.346680 0.230102 0.347656 0.217991 0.336914 0.258360 0.333008 0.193770 0.323242 0.201844 0.315430 0.371392 0.307617 0.181659 0.289062 0.020184 0.242188 0.000000 0.247070 0.000000 0.268555
2 0.787190 0.320312 0.710490 0.317383 0.714527 0.306641 0.690305 0.306641 0.658010 0.320312 0.504609 0.314453 0.444056 0.321289 0.444056 0.327148 0.504609 0.335938 0.653973 0.336914 0.641863 0.343750 0.496535 0.343750 0.484425 0.350586 0.617642 0.351562 0.625715 0.365234 0.690305 0.367188 0.730674 0.380859 0.767006 0.381836 0.771043 0.390625 0.658010 0.392578 0.658010 0.398438 0.811411 0.392578 0.835633 0.398438 0.976923 0.401367 0.993071 0.372070 0.952702 0.350586 0.867928 0.347656 0.787190 0.320312
2 0.738748 0.476562 0.758932 0.471680 0.710490 0.463867 0.758932 0.456055 0.702416 0.450195 0.698379 0.437500 0.645900 0.442383 0.674158 0.449219 0.617642 0.453125 0.468277 0.452148 0.472314 0.445312 0.524793 0.442383 0.452130 0.432617 0.516720 0.428711 0.504609 0.421875 0.468277 0.420898 0.480388 0.414062 0.516720 0.413086 0.516720 0.405273 0.452130 0.405273 0.456167 0.396484 0.504609 0.400391 0.524793 0.395508 0.504609 0.388672 0.456167 0.392578 0.383503 0.386719 0.359282 0.394531 0.335060 0.388672 0.318913 0.392578 0.133217 0.388672 0.076701 0.394531 0.080737 0.340820 0.044406 0.324219 0.024221 0.331055 0.048442 0.338867 0.024221 0.346680 0.048442 0.352539 0.032295 0.360352 0.048442 0.370117 0.016147 0.377930 0.048442 0.385742 0.032295 0.411133 0.088811 0.416992 0.076701 0.425781 0.044406 0.419922 0.040369 0.428711 0.076701 0.437500 0.100922 0.429688 0.189733 0.429688 0.205881 0.437500 0.222028 0.429688 0.254323 0.429688 0.250286 0.454102 0.197807 0.458984 0.335060 0.460938 0.347171 0.448242 0.383503 0.445312 0.427909 0.465820 0.379466 0.471680 0.448093 0.476562 0.452130 0.483398 0.379466 0.487305 0.423872 0.492188 0.557088 0.491211 0.561125 0.484375 0.472314 0.484375 0.468277 0.479492 0.738748 0.476562
2 0.403687 0.854492 0.411761 0.836914 0.435982 0.833008 0.435982 0.825195 0.415798 0.830078 0.411761 0.823242 0.448093 0.820312 0.456167 0.826172 0.484425 0.819336 0.444056 0.790039 0.452130 0.760742 0.403687 0.743164 0.456167 0.748047 0.480388 0.740234 0.488462 0.750000 0.561125 0.751953 0.581310 0.743164 0.544978 0.736328 0.520757 0.740234 0.460204 0.727539 0.593420 0.726562 0.653973 0.715820 0.536904 0.712891 0.512683 0.703125 0.476351 0.702148 0.500572 0.690430 0.476351 0.686523 0.488462 0.656250 0.375429 0.654297 0.355245 0.657227 0.359282 0.671875 0.197807 0.669922 0.181659 0.656250 0.141291 0.669922 0.137254 0.659180 0.084774 0.656250 0.044406 0.640625 0.024221 0.645508 0.048442 0.651367 0.000000 0.657227 0.032295 0.684570 0.016147 0.698242 0.040369 0.700195 0.016147 0.704102 0.040369 0.708008 0.016147 0.721680 0.072664 0.723633 0.048442 0.729492 0.060553 0.734375 0.181659 0.732422 0.193770 0.747070 0.238176 0.746094 0.298729 0.770508 0.258360 0.821289 0.250286 0.936523 0.238176 0.941406 0.213954 0.937500 0.197807 0.945312 0.189733 0.937500 0.129180 0.938477 0.189733 0.951172 0.250286 0.952148 0.262397 0.943359 0.367355 0.941406 0.403687 0.926758 0.403687 0.854492
2 0.968850 0.073242 0.795264 0.062500 0.726637 0.090820 0.754895 0.105469 0.791227 0.104492 0.904260 0.081055 0.900223 0.076172 0.964813 0.082031 0.968850 0.073242
