1 0.564985 1.000000 0.513581 0.978224 0.500506 0.956663 0.393925 0.874625 0.279140 0.831867 0.159041 0.769625 0.122460 0.762511 0.121101 0.772182 0.280921 0.876494 0.336386 0.902040 0.359719 0.927015 0.423217 0.952704 0.462616 0.977964 0.474504 0.969773 0.491707 0.981067 0.474554 0.988518 0.497294 0.998617 0.503534 1.000000 0.564985 1.000000
1 0.306259 0.000000 0.564693 0.098850 0.613534 0.133326 0.886680 0.252579 1.000000 0.297817 1.000000 0.257702 0.866337 0.206329 0.532733 0.058856 0.460659 0.036893 0.391774 0.000000 0.306259 0.000000
1 0.652781 0.828168 0.532137 0.769794 0.136566 0.547539 0.102210 0.543696 0.103076 0.556638 0.223225 0.637624 0.313640 0.681889 0.546128 0.823040 0.809611 0.953755 0.836156 0.936777 0.828889 0.912088 0.694132 0.858633 0.652781 0.828168
1 0.951578 0.803102 0.949032 0.783021 0.850584 0.738614 0.791486 0.700724 0.729669 0.682174 0.663353 0.638339 0.534949 0.577888 0.161030 0.373468 0.131667 0.372300 0.132533 0.385242 0.148648 0.404271 0.270429 0.473653 0.313684 0.490580 0.423576 0.568152 0.585249 0.640182 0.850413 0.778036 0.916407 0.805062 0.951578 0.803102
1 1.000000 0.470386 0.995242 0.454221 0.936465 0.433140 0.735936 0.331982 0.528240 0.243623 0.191274 0.081871 0.172712 0.080248 0.168857 0.088582 0.209665 0.122916 0.446281 0.253800 0.542232 0.296869 0.599327 0.310811 0.744119 0.388357 0.821458 0.411060 0.978682 0.476548 1.000000 0.478661 1.000000 0.470386
1 0.937337 0.656135 0.966700 0.657303 0.968331 0.645699 0.840742 0.579445 0.262490 0.300945 0.137669 0.234095 0.107762 0.236795 0.108356 0.251671 0.264814 0.341705 0.308119 0.377375 0.385508 0.418823 0.411559 0.424456 0.450686 0.451651 0.578497 0.497226 0.896035 0.644414 0.937337 0.656135
1 0.593584 0.026976 0.587011 0.054650 0.609972 0.044071 0.621910 0.054624 0.612297 0.084830 0.639485 0.101472 0.650286 0.101017 0.662297 0.034660 0.630387 0.013411 0.593584 0.026976
1 0.570714 0.590803 0.606479 0.603719 0.625313 0.603408 0.632653 0.551186 0.612360 0.523680 0.570564 0.534571 0.557367 0.571177 0.570714 0.590803
1 0.572267 0.446056 0.630228 0.472939 0.645672 0.343950 0.614306 0.318833 0.590479 0.316470 0.578047 0.328529 0.569299 0.371677 0.572267 0.446056
1 0.572704 0.194647 0.577031 0.259355 0.635264 0.284304 0.663512 0.178810 0.655973 0.156055 0.623791 0.136740 0.583627 0.136026 0.590894 0.160715 0.572704 0.194647
1 0.578647 0.553458 0.562309 0.555107 0.571480 0.566257 0.556279 0.578913 0.591229 0.597631 0.604527 0.598514 0.608926 0.586312 0.626401 0.595671 0.641279 0.566205 0.616809 0.530223 0.570021 0.538439 0.578647 0.553458
1 0.595837 1.000000 0.623867 0.995696 0.637287 0.938412 0.611679 0.891422 0.611307 0.855868 0.583575 0.843095 0.568918 0.851883 0.570105 0.881635 0.550728 0.885815 0.574283 0.890111 0.556958 0.936984 0.576114 0.953483 0.546528 0.972993 0.593119 1.000000 0.595837 1.000000
1 0.631794 0.748298 0.642123 0.674801 0.574992 0.636768 0.548940 0.631134 0.522989 0.662989 0.563253 0.701191 0.553368 0.733331 0.525142 0.743170 0.522967 0.758643 0.604805 0.806633 0.625592 0.811526 0.647688 0.788005 0.631794 0.748298
1 1.000000 0.102436 0.876195 0.059791 0.846238 0.043747 0.735408 0.030143 1.000000 0.140600 1.000000 0.102436
1 0.071074 0.000000 0.000000 0.495910 0.000000 0.793462 0.111514 0.000000 0.071074 0.000000
