2 0.916126 1.000000 0.927075 0.917416 0.908385 0.907179 0.829213 0.891236 0.611217 0.895437 0.615438 0.917997 0.527373 0.929243 0.438554 0.921515 0.347701 0.925328 0.000000 0.878080 0.000000 0.919474 0.459320 1.000000 0.916126 1.000000
2 0.602102 0.226465 0.603534 0.241592 0.658852 0.253329 0.676111 0.248439 0.634245 0.230149 0.602102 0.226465
2 0.067872 0.094584 0.175456 0.135370 0.269173 0.161811 0.590345 0.223400 0.571993 0.211240 0.397069 0.180396 0.336513 0.151869 0.279838 0.147825 0.192715 0.130480 0.116935 0.095302 0.065761 0.083304 0.067872 0.094584
2 0.255342 0.472726 0.242568 0.475432 0.265064 0.487332 0.231903 0.489418 0.258545 0.501057 0.325960 0.513935 0.399215 0.516936 0.372913 0.503373 0.516371 0.526686 0.529485 0.522057 0.358706 0.490952 0.348720 0.501091 0.326902 0.485344 0.255342 0.472726
2 0.118629 0.294918 0.177415 0.310241 0.312922 0.332152 0.306742 0.343953 0.342013 0.353147 0.473376 0.375319 0.496137 0.362474 0.587744 0.377635 0.488864 0.357225 0.466028 0.347249 0.432867 0.349335 0.418321 0.338837 0.362664 0.329023 0.118629 0.294918
2 0.520667 0.572066 0.522024 0.564373 0.490898 0.554918 0.524059 0.552832 0.368504 0.528378 0.384142 0.555926 0.330934 0.555469 0.323661 0.550220 0.318159 0.558175 0.345818 0.564043 0.382861 0.586441 0.415343 0.588202 0.434373 0.596516 0.382521 0.588364 0.380486 0.599905 0.472093 0.615066 0.481401 0.608774 0.450275 0.599320 0.484114 0.593387 0.408749 0.579106 0.405621 0.573597 0.477181 0.586214 0.487845 0.572229 0.520667 0.572066
2 0.109096 0.232748 0.168220 0.246148 0.157556 0.260133 0.125073 0.258372 0.143425 0.270533 0.179714 0.273957 0.162116 0.280770 0.185291 0.288823 0.153147 0.285138 0.256172 0.305288 0.288655 0.307049 0.260656 0.303103 0.250595 0.290421 0.291029 0.293584 0.229116 0.272751 0.238424 0.266459 0.406753 0.288207 0.223125 0.236988 0.072243 0.162785 0.051517 0.164089 0.047786 0.185247 0.067570 0.212534 0.109096 0.232748
2 1.000000 0.453540 0.971770 0.431467 0.888792 0.413861 0.814030 0.372912 0.739003 0.356708 0.744844 0.346830 0.720991 0.342624 0.686812 0.350481 0.536759 0.318072 0.475939 0.314290 0.474921 0.320060 0.533028 0.339230 0.679954 0.366129 0.666840 0.370758 0.523721 0.345522 0.510607 0.350151 0.641630 0.374246 0.647207 0.389112 0.710477 0.402251 0.747858 0.422726 0.783468 0.429996 0.785918 0.439353 0.674263 0.421648 0.673246 0.427419 0.825334 0.448286 0.848170 0.458262 0.986805 0.485682 1.000000 0.469308 1.000000 0.453540
2 0.707989 0.486101 0.706218 0.472898 0.653688 0.468593 0.680330 0.480232 0.623994 0.474265 0.477069 0.447367 0.482231 0.441336 0.534422 0.447563 0.464558 0.425328 0.528845 0.432697 0.518105 0.423862 0.482495 0.416592 0.495609 0.411962 0.531558 0.417310 0.532915 0.409616 0.469306 0.398400 0.474808 0.390445 0.521836 0.402704 0.542562 0.401401 0.523871 0.391164 0.475486 0.386599 0.404944 0.368210 0.379734 0.371698 0.356898 0.361722 0.340318 0.362765 0.158121 0.326672 0.101446 0.322628 0.114748 0.270434 0.081851 0.247776 0.060786 0.251003 0.083283 0.262903 0.058073 0.266391 0.080909 0.276367 0.063650 0.281257 0.077857 0.293678 0.044696 0.295764 0.075143 0.309066 0.054832 0.331267 0.109472 0.346851 0.096019 0.353404 0.065233 0.342025 0.059731 0.349980 0.093984 0.364944 0.119194 0.361457 0.206656 0.376878 0.221202 0.387376 0.238461 0.382486 0.270265 0.388094 0.262050 0.411437 0.209520 0.407132 0.344349 0.432889 0.358481 0.422490 0.394769 0.425914 0.434939 0.453821 0.386215 0.451179 0.452951 0.467905 0.455740 0.475338 0.383502 0.466567 0.426385 0.479087 0.557747 0.501258 0.562910 0.495227 0.475448 0.479805 0.472320 0.474295 0.739191 0.518377 0.759916 0.517073 0.713566 0.500967 0.762629 0.501685 0.707989 0.486101
2 0.000000 0.637474 0.040322 0.646029 0.015452 0.647594 0.026530 0.654505 0.146136 0.673612 0.155519 0.690140 0.199419 0.696890 0.254813 0.731448 0.206240 0.774448 0.178278 0.886529 0.165504 0.889235 0.142329 0.881182 0.125070 0.886072 0.118476 0.876976 0.058673 0.867423 0.116102 0.890440 0.175565 0.901917 0.189018 0.895364 0.292721 0.911667 0.331045 0.903550 0.343594 0.832382 0.354597 0.816473 0.379129 0.816832 0.380485 0.809138 0.359760 0.810442 0.356971 0.803009 0.393260 0.806433 0.400193 0.813605 0.429209 0.811780 0.394541 0.775918 0.407580 0.748468 0.362926 0.722745 0.413760 0.736667 0.438970 0.733179 0.445225 0.744198 0.516446 0.758740 0.537849 0.753589 0.503257 0.740548 0.478725 0.740189 0.421296 0.717172 0.552659 0.739343 0.614157 0.739279 0.499375 0.716065 0.477218 0.702241 0.441608 0.694971 0.467496 0.687636 0.444321 0.679583 0.461504 0.651873 0.350528 0.630321 0.330142 0.629701 0.331574 0.644828 0.172891 0.614865 0.159363 0.598597 0.117234 0.605051 0.115123 0.593771 0.063950 0.581773 0.026908 0.559375 0.006182 0.560679 0.029018 0.570655 0.000000 0.569082 0.000000 0.591711 0.007350 0.600550 0.000000 0.604837 0.000000 0.614058 0.012588 0.617340 0.000000 0.617156 0.000000 0.621131 0.011231 0.625034 0.000000 0.628998 0.000000 0.637474
2 1.000000 0.152511 0.866749 0.120419 0.794247 0.136392 0.819532 0.155725 0.855482 0.161072 0.970867 0.157618 0.967739 0.152109 1.000000 0.160864 1.000000 0.152511
