0 1.000000 0.004883 0.000977 0.000000 0.000000 0.758789 0.001953 0.868164 0.015625 0.891602 0.081055 0.882812 0.193359 0.833008 0.291016 0.465820 0.369141 0.391602 0.422852 0.314453 0.485352 0.371094 0.548828 0.389648 0.539062 0.434570 0.556641 0.442383 0.555664 0.498047 0.581055 0.498047 0.588867 0.513672 0.598633 0.501953 0.620117 0.527344 0.628906 0.485352 0.635742 0.503906 0.640625 0.473633 0.655273 0.484375 0.664062 0.465820 0.646484 0.545898 0.665039 0.568359 0.691406 0.551758 0.687500 0.526367 0.737305 0.460938 0.746094 0.489258 0.749023 0.449219 0.758789 0.488281 0.782227 0.474609 0.802734 0.483398 0.808594 0.526367 0.808594 0.500977 0.815430 0.511719 0.826172 0.497070 0.827148 0.402344 0.839844 0.518555 0.839844 0.454102 0.863281 0.446289 0.857422 0.368164 0.874023 0.349609 0.887695 0.357422 0.878906 0.336914 0.909180 0.316406 0.912109 0.346680 0.900391 0.338867 0.896484 0.377930 0.883789 0.365234 0.880859 0.381836 0.883789 0.392578 0.896484 0.383789 0.896484 0.440430 0.883789 0.396484 0.880859 0.454102 0.865234 0.465820 0.865234 0.520508 0.894531 0.526367 0.878906 0.536133 0.875000 0.584961 0.883789 0.613281 0.898438 0.600586 0.896484 0.620117 0.882812 0.618164 0.875000 0.647461 0.885742 0.697266 0.898438 0.649414 0.901367 0.703125 0.902344 0.665039 0.935547 0.668945 0.933594 0.586914 0.940430 0.617188 0.972656 0.567383 0.970703 0.541992 0.977539 0.552734 1.000000 0.520508 0.996094 0.446289 0.980469 0.440430 0.982422 0.336914 0.967773 0.378906 0.966797 0.334961 0.950195 0.347656 0.946289 0.316406 0.933594 0.331055 0.937500 0.305664 0.951172 0.309570 0.933594 0.301758 0.929688 0.223633 0.936523 0.199219 0.946289 0.222656 0.957031 0.200195 0.963867 0.298828 0.966797 0.206055 0.971680 0.195312 0.981445 0.218750 0.986328 0.196289 0.982422 0.075195 0.973633 0.128906 0.958984 0.090820 0.980469 0.028320 1.000000 0.028320 1.000000 0.004883
1 0.960938 0.516602 0.982422 0.545898 1.000000 0.526367 0.999023 0.455078 0.986328 0.456055 0.960938 0.516602
1 0.882812 0.637695 0.906250 0.655273 0.927734 0.627930 0.928711 0.570312 0.884766 0.614258 0.882812 0.637695
1 0.061523 0.117188 0.031250 0.141602 0.035156 0.208008 0.078125 0.172852 0.066406 0.163086 0.078125 0.135742 0.061523 0.117188
1 0.859375 0.456055 0.853516 0.532227 0.865234 0.534180 0.906250 0.471680 0.903320 0.435547 0.875977 0.437500 0.859375 0.456055
1 0.466797 0.221680 0.513672 0.157227 0.522461 0.076172 0.439453 0.213867 0.466797 0.221680
1 0.682617 0.414062 0.679688 0.442383 0.650391 0.477539 0.642578 0.547852 0.671875 0.561523 0.687500 0.518555 0.734375 0.463867 0.729492 0.404297 0.682617 0.414062
1 0.687500 0.307617 0.689453 0.225586 0.763672 0.155273 0.765625 0.086914 0.753906 0.083008 0.764648 0.068359 0.746094 0.073242 0.677734 0.225586 0.625000 0.297852 0.595703 0.389648 0.607422 0.415039 0.640625 0.360352 0.669922 0.344727 0.675781 0.303711 0.687500 0.307617
1 0.066406 0.456055 0.058594 0.426758 0.085938 0.377930 0.080078 0.338867 0.130859 0.250977 0.129883 0.187500 0.093750 0.198242 0.101562 0.225586 0.085938 0.278320 0.048828 0.315430 0.053711 0.326172 0.033203 0.329102 0.025391 0.356445 0.018555 0.343750 0.011719 0.354492 0.009766 0.374023 0.022461 0.363281 0.031250 0.379883 0.009766 0.432617 0.019531 0.520508 0.028320 0.498047 0.034180 0.517578 0.052734 0.502930 0.066406 0.456055
1 0.226562 0.391602 0.222656 0.256836 0.242188 0.252930 0.230469 0.239258 0.256836 0.208984 0.313477 0.203125 0.323242 0.185547 0.337891 0.188477 0.334961 0.160156 0.359375 0.161133 0.343750 0.170898 0.359375 0.178711 0.343750 0.188477 0.351562 0.209961 0.326172 0.272461 0.296875 0.309570 0.296875 0.350586 0.244141 0.434570 0.252930 0.492188 0.273438 0.471680 0.253906 0.463867 0.267578 0.454102 0.251953 0.444336 0.299805 0.435547 0.343750 0.385742 0.314453 0.352539 0.343750 0.327148 0.345703 0.303711 0.379883 0.269531 0.405273 0.269531 0.384766 0.276367 0.400391 0.286133 0.388672 0.313477 0.405273 0.316406 0.460938 0.237305 0.418945 0.244141 0.406250 0.250977 0.418945 0.257812 0.396484 0.264648 0.386719 0.223633 0.416016 0.206055 0.410156 0.157227 0.393555 0.138672 0.335938 0.153320 0.335938 0.124023 0.361328 0.120117 0.332031 0.114258 0.359375 0.104492 0.341797 0.100586 0.349609 0.079102 0.315430 0.023438 0.312500 0.069336 0.297852 0.054688 0.275391 0.086914 0.228516 0.225586 0.203125 0.249023 0.171875 0.334961 0.125000 0.405273 0.125000 0.444336 0.093750 0.495117 0.123047 0.512695 0.173828 0.430664 0.228516 0.407227 0.214844 0.397461 0.226562 0.391602
1 0.833008 0.046875 0.835938 0.026367 0.855469 0.024414 0.837891 0.012695 0.854492 0.003906 0.869141 0.012695 0.866211 0.054688 0.909180 0.031250 0.955078 0.086914 0.989258 0.000000 0.802734 0.000977 0.804688 0.022461 0.833008 0.046875
