0 1.000000 0.179413 0.968145 0.179219 0.850002 0.212909 0.702194 0.562932 0.614500 0.625556 0.550574 0.694478 0.496566 0.629690 0.436289 0.602482 0.452212 0.559356 0.435892 0.549174 0.444606 0.494187 0.419462 0.490653 0.413900 0.474093 0.402599 0.484339 0.384857 0.456205 0.370310 0.496566 0.366122 0.477240 0.357074 0.506539 0.344063 0.493863 0.332777 0.511014 0.361329 0.434162 0.346081 0.409337 0.317660 0.422107 0.317994 0.447794 0.259568 0.505656 0.254806 0.476388 0.246333 0.515630 0.242099 0.475588 0.216986 0.485865 0.197901 0.474308 0.198079 0.430941 0.194545 0.456085 0.189271 0.444496 0.176595 0.457507 0.162444 0.551176 0.166046 0.434329 0.157076 0.498155 0.132779 0.502629 0.127709 0.580809 0.108686 0.596873 0.096235 0.587234 0.102084 0.608765 0.069251 0.624860 0.070563 0.594474 0.081081 0.603841 0.090385 0.565702 0.101190 0.580041 0.106402 0.564009 0.104996 0.552963 0.091201 0.559900 0.099084 0.503811 0.105539 0.549095 0.116459 0.492446 0.133563 0.483016 0.141174 0.428861 0.112978 0.418981 0.129810 0.411485 0.140474 0.363676 0.135712 0.334408 0.119439 0.344941 0.124091 0.325872 0.137358 0.329709 0.149172 0.301784 0.145466 0.250969 0.126234 0.296588 0.130808 0.242992 0.124541 0.280572 0.092204 0.272082 0.082722 0.353587 0.080166 0.322657 0.041321 0.367492 0.039722 0.392907 0.034448 0.381318 0.007720 0.410105 0.001259 0.484145 0.015917 0.492122 0.000000 0.591705 0.000000 0.593534 0.019926 0.554814 0.014777 0.598467 0.032984 0.588206 0.032503 0.619696 0.047113 0.606957 0.039711 0.631556 0.026716 0.625785 0.043036 0.635968 0.036031 0.713877 0.025864 0.737102 0.019455 0.712533 0.005692 0.733281 0.012649 0.634656 0.000000 0.707822 0.000000 0.930032 0.480786 1.000000 0.933742 1.000000 1.000000 0.532912 1.000000 0.179413
1 0.000000 0.475060 0.012289 0.475834 0.045859 0.419410 0.028661 0.387408 0.008536 0.404303 0.000000 0.471725 0.000000 0.475060
1 0.119313 0.289699 0.094233 0.313786 0.085247 0.370707 0.134881 0.333305 0.140076 0.310368 0.119313 0.289699
1 0.880932 0.940111 0.914309 0.920148 0.919682 0.853844 0.872239 0.882678 0.882485 0.893980 0.867074 0.919427 0.880932 0.940111
1 0.138006 0.493502 0.154410 0.418887 0.143077 0.415322 0.093762 0.471506 0.091635 0.507695 0.118984 0.509566 0.138006 0.493502
1 0.418772 0.916578 0.520136 0.791775 0.494145 0.780233 0.438756 0.837535 0.418772 0.916578
1 0.262877 0.503162 0.259422 0.562833 0.307200 0.559686 0.314042 0.532049 0.347947 0.501312 0.365469 0.432771 0.338360 0.415155 0.316907 0.455531 0.262877 0.503162
1 0.196908 0.888355 0.285804 0.747008 0.348083 0.682785 0.389870 0.595958 0.381799 0.569184 0.341308 0.618718 0.310122 0.630114 0.298611 0.669915 0.287550 0.664416 0.274200 0.745377 0.190917 0.804676 0.179470 0.872098 0.190531 0.877597 0.177854 0.890608 0.196908 0.888355
1 0.860300 0.855360 0.856369 0.827195 0.879181 0.777149 0.921094 0.745565 0.917754 0.734248 0.938470 0.734201 0.950012 0.708210 0.955014 0.721734 0.963279 0.712047 0.967931 0.692978 0.953864 0.701849 0.947471 0.684186 0.976086 0.634954 0.978647 0.546560 0.966818 0.567579 0.963733 0.547423 0.943321 0.559346 0.923258 0.603862 0.926917 0.633961 0.893044 0.678509 0.893410 0.718007 0.830891 0.797974 0.823024 0.860969 0.860300 0.855360
1 0.631274 0.835993 0.617176 0.831053 0.616136 0.859505 0.592095 0.855141 0.608927 0.847645 0.594542 0.837734 0.611374 0.830238 0.606627 0.807875 0.640469 0.749517 0.674646 0.716846 0.680354 0.676230 0.744263 0.600402 0.743579 0.542122 0.720416 0.559576 0.738670 0.570031 0.723772 0.577799 0.737886 0.589644 0.689277 0.591688 0.638828 0.634892 0.663219 0.671849 0.630673 0.692915 0.625477 0.715853 0.586873 0.744943 0.561730 0.741409 0.582989 0.737494 0.568875 0.725649 0.584286 0.700202 0.568253 0.694990 0.502122 0.765575 0.544657 0.764650 0.558180 0.759647 0.546560 0.751111 0.569754 0.747468 0.573716 0.789443 0.542258 0.802773 0.541265 0.851941 0.555122 0.872626 0.614217 0.866139 0.610140 0.895151 0.584453 0.895485 0.612649 0.905365 0.584212 0.911230 0.601076 0.917545 0.590349 0.937733 0.616449 0.997612 0.625738 0.952568 0.638206 0.969112 0.664933 0.940325 0.730651 0.809527 0.759057 0.789851 0.801963 0.709099 0.858167 0.645995 0.863604 0.607312 0.901617 0.561374 0.875051 0.539890 0.813348 0.614056 0.755931 0.629654 0.768110 0.641227 0.755690 0.645399 0.740803 0.779396 0.720918 0.780546 0.730620 0.795716 0.700296 0.822025 0.643391 0.819945 0.631274 0.835993
1 0.000000 0.934355 0.130761 0.952034 0.131817 0.930487 0.107170 0.902369 0.101415 0.922270 0.081802 0.921486 0.097578 0.935537 0.079915 0.941930 0.066632 0.931188 0.075377 0.890012 0.029565 0.907241 0.000000 0.859010 0.000000 0.934355
