0 0.963024 0.000000 0.963223 0.011372 0.901107 0.033944 0.862771 0.019963 0.916321 0.010238 0.795177 0.008445 0.772805 0.013720 0.796409 0.023075 0.785754 0.028144 0.693046 0.032693 0.791783 0.037806 0.769513 0.048939 0.793117 0.058294 0.768826 0.065555 0.690645 0.063012 0.682527 0.045573 0.686671 0.059175 0.661352 0.063524 0.675777 0.050575 0.644464 0.047214 0.656867 0.030394 0.612912 0.030184 0.654642 0.014805 0.551176 0.018565 0.545045 0.003044 0.470769 0.000434 0.438939 0.023454 0.449799 0.030101 0.424378 0.028592 0.375144 0.061683 0.405532 0.067989 0.323479 0.067468 0.327964 0.100598 0.289901 0.102239 0.343655 0.104231 0.296032 0.117759 0.346017 0.127631 0.375173 0.119308 0.372981 0.105672 0.392476 0.103379 0.380038 0.118246 0.408507 0.126540 0.457260 0.121782 0.466751 0.105989 0.473121 0.135179 0.527800 0.134225 0.539245 0.118398 0.596802 0.114463 0.552642 0.102536 0.609274 0.101548 0.600707 0.114395 0.611499 0.117136 0.628047 0.113917 0.615132 0.101446 0.654120 0.096858 0.646105 0.085278 0.676425 0.087678 0.656448 0.118305 0.635790 0.109875 0.643840 0.123409 0.625578 0.140332 0.547363 0.135837 0.539960 0.159407 0.475517 0.160532 0.591932 0.171197 0.497237 0.173827 0.482778 0.184823 0.493638 0.191470 0.468251 0.191913 0.511316 0.197022 0.520461 0.217373 0.507200 0.241046 0.546427 0.250128 0.506446 0.253756 0.534915 0.262050 0.470365 0.312989 0.444910 0.309526 0.428771 0.336179 0.451552 0.354339 0.531311 0.335366 0.512913 0.344478 0.523909 0.358936 0.493725 0.364347 0.512396 0.370858 0.470564 0.380378 0.496326 0.401416 0.484779 0.411385 0.500538 0.418924 0.500981 0.444310 0.556620 0.442362 0.564738 0.459802 0.609483 0.449253 0.629142 0.512396 0.686865 0.573898 0.610666 0.628948 0.537822 0.708356 0.172395 0.812406 0.124557 0.925563 0.116912 0.991136 0.132736 1.000000 0.486890 1.000000 1.000000 0.990383 1.000000 0.603863 0.986507 0.000000 0.963024 0.000000
1 0.475356 0.039422 0.535451 0.012979 0.536206 0.000269 0.464911 0.000536 0.445689 0.018453 0.475356 0.039422
1 0.355645 0.119649 0.379045 0.117287 0.422216 0.072581 0.364625 0.074563 0.337660 0.096522 0.355645 0.119649
1 0.866525 0.962424 0.890407 0.931729 0.871565 0.915454 0.844430 0.927648 0.834461 0.916101 0.800060 0.959677 0.866525 0.962424
1 0.461609 0.147101 0.537667 0.139913 0.555929 0.122990 0.557404 0.095616 0.521226 0.093318 0.459451 0.135418 0.461609 0.147101
1 0.787146 0.555544 0.923372 0.470146 0.842483 0.480348 0.778857 0.528341 0.787146 0.555544
1 0.449667 0.358279 0.519833 0.349240 0.554472 0.319334 0.582737 0.315911 0.591683 0.268873 0.532037 0.265030 0.478176 0.312852 0.435486 0.329225 0.449667 0.358279
1 0.608665 0.402386 0.699936 0.371491 0.771270 0.317504 0.922398 0.246496 0.926956 0.227859 0.912497 0.238855 0.908387 0.227206 0.840072 0.230352 0.771066 0.305787 0.689081 0.309171 0.693191 0.320820 0.652284 0.327394 0.637173 0.356959 0.583073 0.391112 0.608665 0.402386
1 0.575928 0.988984 0.628280 0.966582 0.645032 0.975080 0.634513 0.987961 0.654007 0.985667 0.664629 0.978645 0.651816 0.972032 0.679019 0.963743 0.681590 0.943187 0.692416 0.947882 0.728872 0.910131 0.781326 0.893588 0.808802 0.900922 0.818912 0.864607 0.755428 0.864738 0.668437 0.917046 0.629278 0.911869 0.580935 0.940061 0.551506 0.932761 0.504877 0.947249 0.490554 0.966056 0.510185 0.971574 0.487881 0.980753 0.575928 0.988984
1 0.511972 0.906103 0.562200 0.873971 0.601257 0.873290 0.670740 0.825195 0.756120 0.792450 0.779110 0.766654 0.916943 0.717366 0.948773 0.694346 0.933871 0.679955 0.979711 0.676225 0.923459 0.643022 0.902114 0.651208 0.897902 0.633701 0.888615 0.661211 0.882245 0.632021 0.878783 0.657476 0.849490 0.657987 0.863131 0.600123 0.844289 0.583848 0.795366 0.578842 0.778302 0.608441 0.737122 0.599392 0.743565 0.576816 0.750622 0.589390 0.757235 0.576577 0.763337 0.534472 0.685219 0.591508 0.688438 0.608056 0.715573 0.595862 0.725610 0.611314 0.732087 0.590690 0.732530 0.616077 0.698952 0.650848 0.675552 0.653210 0.650677 0.682945 0.616967 0.654232 0.567937 0.699040 0.559985 0.747038 0.549948 0.731585 0.540422 0.745426 0.532270 0.726034 0.512123 0.746896 0.569885 0.754679 0.652936 0.700486 0.693946 0.699771 0.730538 0.669831 0.792585 0.643353 0.814203 0.650789 0.823694 0.634996 0.831778 0.650483 0.841270 0.634690 0.842672 0.659083 0.814305 0.656648 0.817490 0.671243 0.800085 0.681314 0.795215 0.738048 0.765406 0.764940 0.751532 0.753461 0.747967 0.773058 0.613154 0.771504 0.607500 0.783323 0.597497 0.769824 0.575018 0.824912 0.493885 0.877117 0.511972 0.906103
1 0.961537 0.082702 0.938853 0.126073 0.980788 0.122411 0.989831 0.136904 0.981333 0.153656 0.969310 0.136285 0.967698 0.155848 0.947244 0.159135 0.972149 0.187025 0.993664 0.188603 0.991385 0.002090 0.905081 0.037782 0.961537 0.082702
