2 0.866211 0.718750 0.791992 0.691406 0.745117 0.628906 0.682617 0.595703 0.621094 0.532227 0.558594 0.389648 0.509766 0.344727 0.500000 0.315430 0.452148 0.304688 0.434570 0.275391 0.387695 0.253906 0.241211 0.121094 0.159180 0.089844 0.166992 0.107422 0.220703 0.131836 0.228516 0.170898 0.257812 0.180664 0.295898 0.246094 0.319336 0.242188 0.363281 0.270508 0.368164 0.328125 0.381836 0.304688 0.468750 0.364258 0.486328 0.413086 0.521484 0.432617 0.515625 0.458008 0.548828 0.512695 0.623047 0.581055 0.626953 0.606445 0.711914 0.650391 0.720703 0.698242 0.795898 0.734375 0.882812 0.856445 0.937500 0.891602 0.941406 0.915039 0.945312 0.887695 0.890625 0.831055 0.890625 0.745117 0.866211 0.718750
2 0.398438 0.514648 0.373047 0.450195 0.343750 0.418945 0.343750 0.387695 0.303711 0.347656 0.247070 0.333984 0.250000 0.301758 0.226562 0.270508 0.112305 0.164062 0.074219 0.151367 0.074219 0.116211 0.041992 0.078125 0.000977 0.062500 0.000000 0.379883 0.047852 0.414062 0.049805 0.394531 0.088867 0.375000 0.168945 0.375000 0.160156 0.338867 0.200195 0.328125 0.250000 0.375977 0.255859 0.416992 0.398438 0.549805 0.407227 0.591797 0.434570 0.593750 0.471680 0.638672 0.544922 0.666992 0.546875 0.647461 0.469727 0.597656 0.462891 0.567383 0.398438 0.514648
2 0.785156 0.348633 0.794922 0.329102 0.772461 0.314453 0.757812 0.340820 0.785156 0.348633
2 0.463867 0.125000 0.484375 0.125977 0.503906 0.122070 0.500977 0.103516 0.460938 0.104492 0.463867 0.125000
2 0.822266 0.430664 0.824219 0.409180 0.799805 0.392578 0.773438 0.403320 0.822266 0.430664
2 0.876953 0.295898 0.890625 0.284180 0.856445 0.251953 0.845703 0.276367 0.876953 0.295898
2 0.426758 0.113281 0.428711 0.097656 0.445312 0.118164 0.429688 0.125977 0.449219 0.127930 0.456055 0.095703 0.406250 0.090820 0.407227 0.111328 0.426758 0.113281
2 0.683594 0.563477 0.761719 0.508789 0.702148 0.523438 0.671875 0.549805 0.683594 0.563477
2 0.542969 0.284180 0.540039 0.251953 0.494141 0.237305 0.508789 0.283203 0.542969 0.284180
2 0.875977 0.136719 0.925781 0.137695 0.945312 0.122070 0.907227 0.095703 0.861328 0.102539 0.875977 0.136719
2 0.844727 0.355469 0.820312 0.372070 0.825195 0.390625 0.869141 0.395508 0.875000 0.418945 0.862305 0.431641 0.949219 0.465820 0.912109 0.409180 0.875000 0.387695 0.870117 0.361328 0.844727 0.355469
2 0.397461 0.000000 0.382812 0.016602 0.482422 0.059570 0.529297 0.043945 0.530273 0.000000 0.499023 0.000000 0.491211 0.023438 0.459961 0.000000 0.397461 0.000000
2 0.700195 0.019531 0.673828 0.040039 0.671875 0.057617 0.704102 0.078125 0.769531 0.090820 0.832031 0.075195 0.843750 0.045898 0.833008 0.015625 0.700195 0.019531
2 0.772461 0.121094 0.753906 0.127930 0.754883 0.144531 0.723633 0.152344 0.709961 0.126953 0.682617 0.119141 0.646484 0.159180 0.654297 0.219727 0.681641 0.229492 0.723633 0.203125 0.756836 0.216797 0.820312 0.172852 0.772461 0.121094
2 1.000000 0.725586 0.965820 0.730469 0.946289 0.757812 0.936523 0.742188 0.922852 0.750000 0.920898 0.734375 0.889648 0.734375 0.875000 0.770508 0.884766 0.825195 0.903320 0.843750 0.928711 0.820312 0.936523 0.832031 0.948242 0.818359 0.952148 0.832031 0.956055 0.816406 0.965820 0.843750 0.970703 0.813477 0.953125 0.809570 0.982422 0.801758 0.976562 0.840820 0.987305 0.826172 0.994141 0.864258 0.972656 0.897461 1.000000 0.936523 1.000000 0.725586
2 1.000000 0.561523 0.944336 0.566406 0.945312 0.536133 0.915039 0.525391 0.914062 0.500977 0.879883 0.484375 0.873047 0.502930 0.904297 0.520508 0.899414 0.546875 0.857422 0.534180 0.869141 0.553711 0.851562 0.563477 0.853516 0.594727 0.876953 0.629883 0.847656 0.663086 0.869141 0.674805 0.899414 0.632812 0.932617 0.619141 0.954102 0.636719 1.000000 0.639648 1.000000 0.561523
