2 0.649850 0.541835 0.680537 0.538374 0.700993 0.493802 0.733305 0.482699 0.764065 0.441315 0.924432 0.325645 0.972054 0.251904 0.953236 0.255891 0.918188 0.303352 0.878355 0.302872 0.862711 0.329499 0.790793 0.353149 0.789741 0.376886 0.752903 0.413983 0.695529 0.406780 0.715612 0.425026 0.639273 0.497655 0.587857 0.504697 0.561443 0.535025 0.537826 0.524014 0.477430 0.545122 0.395134 0.603506 0.369486 0.602048 0.308836 0.676015 0.260203 0.674663 0.209226 0.740703 0.071753 0.800338 0.025995 0.846521 0.002257 0.845469 0.028191 0.854975 0.094964 0.813259 0.179024 0.831126 0.209891 0.812728 0.252068 0.745816 0.322948 0.712960 0.368420 0.658729 0.443301 0.611747 0.595758 0.580257 0.649850 0.541835
2 1.000000 0.096004 0.721448 0.035900 0.678067 0.075600 0.696765 0.081571 0.707748 0.123840 0.691099 0.202169 0.728269 0.201084 0.730452 0.242482 0.673291 0.281249 0.631954 0.278453 0.472400 0.390302 0.429498 0.390168 0.421902 0.416508 0.370247 0.443467 0.327317 0.509221 0.346016 0.515192 0.410772 0.450084 0.441805 0.449692 0.506788 0.397611 0.575111 0.386176 0.611770 0.364017 0.642337 0.370514 0.689825 0.339674 0.714975 0.287114 0.745888 0.296680 0.781328 0.280252 0.909203 0.190622 0.929539 0.156008 0.963927 0.163317 1.000000 0.143946 1.000000 0.096004
2 0.624844 0.805084 0.602099 0.785274 0.588772 0.810396 0.605846 0.824009 0.624844 0.805084
2 0.869099 0.562480 0.868859 0.582397 0.887617 0.583389 0.894987 0.544022 0.874318 0.542624 0.869099 0.562480
2 0.542742 0.815588 0.537716 0.787563 0.500818 0.829639 0.521427 0.836016 0.542742 0.815588
2 0.668517 0.900228 0.646870 0.884645 0.621268 0.911151 0.629889 0.926960 0.668517 0.900228
2 0.919730 0.493372 0.899467 0.490063 0.893496 0.508762 0.908373 0.513921 0.884862 0.525896 0.880469 0.508988 0.874498 0.527686 0.904599 0.541073 0.919730 0.493372
2 0.435046 0.692858 0.415549 0.657764 0.399739 0.666384 0.436989 0.754172 0.435046 0.692858
2 0.758173 0.548886 0.710232 0.553672 0.702170 0.586901 0.734302 0.590736 0.758173 0.548886
2 0.792106 1.000000 0.810795 0.982386 0.813651 0.936069 0.777173 0.943291 0.765863 0.991804 0.769977 1.000000 0.792106 1.000000
2 0.440035 0.946509 0.503153 0.921986 0.531884 0.890155 0.558690 0.890861 0.569700 0.867243 0.558537 0.839911 0.539373 0.840829 0.525460 0.882799 0.501317 0.883658 0.491538 0.868600 0.440035 0.946509
2 1.000000 0.489651 0.997200 0.485878 0.934460 0.574376 0.939998 0.623476 0.982780 0.633568 0.989277 0.603001 0.967976 0.590486 0.997398 0.564792 1.000000 0.552552 1.000000 0.489651
2 0.872709 0.930651 0.904554 0.926438 0.928346 0.795716 0.913769 0.765661 0.896981 0.760096 0.870221 0.787354 0.844199 0.848715 0.846489 0.913097 0.872709 0.930651
2 0.802917 0.714144 0.742069 0.709197 0.726831 0.733913 0.743892 0.780470 0.723615 0.810105 0.753403 0.881331 0.813978 0.845286 0.811150 0.825716 0.794708 0.823219 0.793563 0.791028 0.821242 0.782934 0.834568 0.757812 0.802917 0.714144
2 0.000000 0.904892 0.175388 0.942172 0.177718 0.907724 0.155033 0.882934 0.172347 0.876631 0.167547 0.861633 0.183237 0.862971 0.189734 0.832404 0.157437 0.810564 0.101914 0.808746 0.079907 0.823037 0.097553 0.852746 0.084466 0.857951 0.095403 0.872256 0.081217 0.873235 0.095689 0.880304 0.066912 0.884171 0.095509 0.895242 0.102985 0.878860 0.104535 0.909141 0.067545 0.895288 0.079639 0.908841 0.040964 0.907609 0.012954 0.879691 0.000000 0.885187 0.000000 0.904892
2 0.372071 0.928069 0.388873 0.900690 0.412956 0.904811 0.436301 0.874830 0.419574 0.864286 0.395882 0.891198 0.371106 0.880940 0.392255 0.842505 0.370714 0.849907 0.364817 0.830682 0.333843 0.826096 0.294582 0.841712 0.268196 0.806152 0.252267 0.824730 0.287047 0.863073 0.293517 0.898393 0.271856 0.915753 0.259447 0.960039 0.335865 0.976282 0.342662 0.920819 0.372071 0.928069
