1 0.644531 0.557617 0.636719 0.592773 0.639648 0.599609 0.648438 0.600586 0.666016 0.596680 0.658203 0.592773 0.653320 0.550781 0.644531 0.557617
1 0.400391 0.403320 0.406250 0.420898 0.398438 0.458008 0.408203 0.547852 0.416016 0.518555 0.416016 0.391602 0.403320 0.388672 0.400391 0.403320
1 0.646484 0.391602 0.628906 0.432617 0.644531 0.465820 0.656250 0.467773 0.671875 0.452148 0.671875 0.422852 0.661133 0.388672 0.646484 0.391602
1 0.260742 0.595703 0.205078 0.600586 0.219727 0.611328 0.271484 0.612305 0.374023 0.611328 0.403320 0.605469 0.410156 0.598633 0.260742 0.595703
1 0.902344 0.413086 0.889648 0.406250 0.867188 0.411133 0.869141 0.434570 0.876953 0.446289 0.867188 0.549805 0.871094 0.577148 0.880859 0.577148 0.888672 0.567383 0.888672 0.444336 0.902344 0.424805 0.902344 0.413086
1 0.397461 0.320312 0.442383 0.312500 0.445312 0.303711 0.440430 0.298828 0.399414 0.300781 0.383789 0.310547 0.353516 0.346680 0.357422 0.377930 0.339844 0.452148 0.347656 0.493164 0.345703 0.561523 0.347656 0.571289 0.353516 0.571289 0.359375 0.555664 0.357422 0.432617 0.371094 0.362305 0.397461 0.320312
1 0.152344 0.374023 0.148438 0.399414 0.160156 0.409180 0.156250 0.475586 0.164062 0.500977 0.162109 0.540039 0.173828 0.584961 0.181641 0.586914 0.187500 0.565430 0.177734 0.383789 0.168945 0.357422 0.152344 0.374023
1 0.562500 0.409180 0.570312 0.354492 0.557617 0.337891 0.549805 0.337891 0.541016 0.350586 0.527344 0.411133 0.484375 0.481445 0.468750 0.528320 0.433594 0.596680 0.427734 0.659180 0.435547 0.668945 0.457031 0.598633 0.501953 0.502930 0.533203 0.442383 0.562500 0.409180
0 0.449219 0.557617 0.474609 0.512695 0.478516 0.489258 0.527344 0.413086 0.541016 0.354492 0.556641 0.340820 0.551758 0.332031 0.538086 0.326172 0.502930 0.328125 0.458008 0.341797 0.413086 0.333984 0.393555 0.333984 0.387695 0.339844 0.383789 0.335938 0.364258 0.371094 0.353516 0.360352 0.358398 0.351562 0.367188 0.350586 0.363281 0.344727 0.368164 0.332031 0.272461 0.320312 0.153320 0.349609 0.124023 0.347656 0.116211 0.339844 0.000000 0.344727 0.003906 0.497070 0.012695 0.505859 0.025391 0.504883 0.020508 0.515625 0.011719 0.516602 0.019531 0.522461 0.006836 0.523438 0.003906 0.530273 0.027344 0.536133 0.003906 0.540039 0.010742 0.550781 0.016602 0.550781 0.018555 0.542969 0.021484 0.551758 0.003906 0.555664 0.006836 0.564453 0.017578 0.567383 0.006836 0.568359 0.004883 0.578125 0.030273 0.582031 0.032227 0.576172 0.045898 0.580078 0.049805 0.574219 0.062500 0.579102 0.062500 0.512695 0.075195 0.519531 0.076172 0.489258 0.092773 0.482422 0.101562 0.489258 0.091797 0.495117 0.094727 0.500000 0.108398 0.503906 0.112305 0.498047 0.115234 0.502930 0.107422 0.516602 0.109375 0.524414 0.093750 0.526367 0.102539 0.535156 0.114258 0.533203 0.121094 0.545898 0.121094 0.553711 0.113281 0.557617 0.121094 0.567383 0.099609 0.573242 0.119141 0.581055 0.113281 0.586914 0.116211 0.591797 0.125000 0.590820 0.127930 0.574219 0.133789 0.591797 0.140625 0.588867 0.141602 0.576172 0.155273 0.582031 0.155273 0.480469 0.164062 0.499023 0.162109 0.543945 0.171875 0.551758 0.162109 0.557617 0.162109 0.573242 0.165039 0.580078 0.170898 0.574219 0.171875 0.583008 0.182617 0.591797 0.237305 0.601562 0.353516 0.600586 0.415039 0.595703 0.426758 0.599609 0.441406 0.586914 0.449219 0.557617
0 0.922852 0.345703 0.731445 0.347656 0.581055 0.369141 0.560547 0.418945 0.533203 0.446289 0.531250 0.467773 0.517578 0.485352 0.517578 0.540039 0.503906 0.573242 0.505859 0.583008 0.518555 0.599609 0.530273 0.601562 0.687500 0.600586 0.883789 0.593750 0.999023 0.599609 1.000000 0.350586 0.922852 0.345703
