1 0.595341 0.174974 0.597804 0.185476 0.604981 0.187426 0.609440 0.170034 0.598969 0.158686 0.595341 0.174974
1 0.565446 0.446425 0.540862 0.446922 0.543309 0.464329 0.552979 0.462969 0.553554 0.453027 0.562378 0.459676 0.565446 0.446425
1 0.485060 0.449833 0.369301 0.461171 0.370388 0.468908 0.480904 0.455348 0.485060 0.449833
1 0.367816 0.871622 0.407314 0.871988 0.413404 0.866202 0.380540 0.863917 0.308977 0.873975 0.278303 0.880258 0.279390 0.887994 0.320551 0.886154 0.367816 0.871622
1 0.431208 0.810447 0.424862 0.807394 0.425997 0.794415 0.413833 0.799083 0.425537 0.875344 0.433817 0.878125 0.449033 0.867111 0.431208 0.810447
1 0.403022 0.694097 0.410346 0.753223 0.415558 0.769255 0.424669 0.770933 0.426378 0.748011 0.417136 0.682251 0.413571 0.670919 0.405291 0.668138 0.408359 0.654886 0.398130 0.659282 0.407194 0.681676 0.403022 0.694097
1 0.829940 0.742575 0.818429 0.702774 0.789255 0.656580 0.784556 0.658226 0.791639 0.701608 0.799600 0.723171 0.824393 0.752230 0.829940 0.742575
1 0.587422 0.743129 0.578452 0.679303 0.572122 0.669345 0.565185 0.683140 0.571055 0.774028 0.578138 0.817410 0.590543 0.828486 0.587422 0.743129
1 0.200635 0.903007 0.205094 0.885616 0.186098 0.736417 0.180040 0.728393 0.166757 0.739135 0.166726 0.752946 0.182507 0.858220 0.191524 0.901329 0.200635 0.903007
1 0.744378 0.105707 0.737854 0.059288 0.743113 0.054604 0.737327 0.048514 0.721294 0.053726 0.733045 0.109272 0.727787 0.113955 0.728027 0.129700 0.743537 0.233039 0.747902 0.257080 0.754807 0.257096 0.750139 0.244932 0.755398 0.240248 0.752679 0.220907 0.759328 0.212083 0.753139 0.139977 0.763385 0.128676 0.761754 0.117071 0.744378 0.105707
1 0.749140 0.441318 0.744185 0.434125 0.791994 0.423461 0.797812 0.415740 0.789548 0.406054 0.768273 0.409044 0.769088 0.414846 0.756668 0.410675 0.755549 0.416749 0.672654 0.430372 0.641436 0.432787 0.638415 0.425322 0.630678 0.426409 0.631766 0.434146 0.573742 0.442301 0.571777 0.456383 0.680359 0.443095 0.698853 0.448385 0.698038 0.442583 0.710458 0.446754 0.717092 0.444836 0.713511 0.440408 0.727865 0.444308 0.734786 0.437418 0.737536 0.442949 0.749140 0.441318
