1 0.613503 0.345000 0.608802 0.352361 0.566529 0.352828 0.572409 0.362283 0.606556 0.373728 0.613661 0.371529 0.615551 0.362890 0.613503 0.345000
1 0.509674 0.585464 0.383417 0.572194 0.379176 0.584513 0.393438 0.588958 0.411532 0.584968 0.447622 0.596617 0.537994 0.596296 0.509674 0.585464
1 0.470376 0.324065 0.441240 0.321002 0.406125 0.328113 0.407507 0.342987 0.446461 0.364756 0.481115 0.352688 0.484283 0.341237 0.470376 0.324065
1 0.597550 0.636923 0.594785 0.607175 0.588701 0.599662 0.570170 0.747951 0.569207 0.803820 0.581422 0.790375 0.587803 0.739003 0.597550 0.636923
1 0.485986 0.119498 0.587913 0.140030 0.615516 0.139003 0.616536 0.129291 0.607641 0.120501 0.485268 0.107639 0.467273 0.092000 0.455618 0.090775 0.447493 0.102687 0.450001 0.125535 0.473514 0.126042 0.485986 0.119498
1 0.291358 0.579211 0.299437 0.595771 0.332208 0.629656 0.363695 0.629037 0.435670 0.654277 0.477277 0.650795 0.545058 0.659883 0.554974 0.658961 0.555587 0.653134 0.540660 0.645673 0.418083 0.634754 0.349585 0.613807 0.310579 0.583195 0.307505 0.537702 0.299070 0.533870 0.293703 0.538216 0.291358 0.579211
1 0.465856 0.834199 0.504501 0.840225 0.550401 0.833266 0.553160 0.825700 0.532406 0.817627 0.350740 0.808353 0.323598 0.814338 0.338374 0.832584 0.363217 0.839123 0.374154 0.828489 0.439788 0.839315 0.465856 0.834199
1 0.355692 0.443591 0.414478 0.463517 0.479914 0.513600 0.524899 0.534039 0.589209 0.576148 0.650754 0.588509 0.661283 0.581760 0.593601 0.553043 0.503118 0.498364 0.446169 0.460956 0.416210 0.428349 0.362639 0.414863 0.344801 0.425753 0.343985 0.433523 0.355692 0.443591
0 0.526094 1.000000 0.532482 0.975728 0.526859 0.973173 0.532173 0.959984 0.526754 0.955487 0.532937 0.943372 0.466895 0.936430 0.475020 0.924519 0.445015 0.920383 0.439951 0.903158 0.447669 0.895132 0.452475 0.905457 0.457637 0.903053 0.462951 0.889865 0.457532 0.885367 0.462695 0.882964 0.475475 0.892163 0.483449 0.891037 0.483758 0.906781 0.493418 0.898958 0.492700 0.887100 0.506041 0.881628 0.513810 0.882445 0.516878 0.890623 0.527407 0.883874 0.530989 0.905853 0.540800 0.887246 0.546015 0.893685 0.551177 0.891282 0.551125 0.882439 0.534920 0.877790 0.553015 0.873800 0.550815 0.866695 0.538292 0.864397 0.545548 0.851413 0.444542 0.840797 0.463914 0.833995 0.508385 0.840633 0.517176 0.831738 0.521982 0.842062 0.537522 0.843696 0.544626 0.841496 0.539412 0.835057 0.548255 0.835004 0.558118 0.825240 0.573547 0.771872 0.584723 0.656196 0.586298 0.594499 0.591408 0.583253 0.580313 0.567358 0.551993 0.556526 0.509972 0.526579 0.487071 0.520244 0.416420 0.463721 0.359577 0.443999 0.347613 0.427031 0.338362 0.430968 0.331105 0.443953 0.329373 0.479121 0.338274 0.525225 0.325809 0.569085 0.323767 0.588509 0.328982 0.594949 0.324689 0.598425 0.357611 0.621524 0.345805 0.631085 0.337574 0.625310 0.337522 0.616467 0.331286 0.619739 0.319171 0.613556 0.297513 0.707510 0.314195 0.829060 0.309191 0.857993 0.300604 0.864946 0.293313 0.981030 0.445230 0.993070 0.454890 0.985248 0.455246 0.972520 0.465419 0.978499 0.465471 0.987342 0.472115 0.980184 0.471759 0.992912 0.478252 0.996541 0.486529 0.973844 0.487964 0.997561 0.499362 0.991886 0.499974 0.986058 0.492409 0.983299 0.501456 0.981304 0.503503 0.999195 0.512550 0.997200 0.516587 0.986823 0.516435 0.997608 0.524110 1.000000 0.526094 1.000000
0 0.401485 0.000000 0.390748 0.063336 0.372683 0.253898 0.378330 0.405711 0.425718 0.431312 0.450054 0.461364 0.471216 0.465553 0.487269 0.480987 0.541657 0.486703 0.573249 0.503771 0.583166 0.502849 0.601003 0.491959 0.604171 0.480509 0.619634 0.324041 0.633353 0.128113 0.651226 0.014122 0.521748 0.000000 0.401485 0.000000
