1 0.776278 0.695965 0.765547 0.694874 0.761366 0.701025 0.776359 0.710903 0.790498 0.704698 0.776278 0.695965
1 0.180465 0.946252 0.182301 0.931686 0.163901 0.929105 0.160147 0.943298 0.180465 0.946252
1 0.529349 0.579323 0.536883 0.555917 0.519628 0.552563 0.517765 0.562149 0.526978 0.565929 0.517819 0.572108 0.529349 0.579323
1 0.552298 0.502207 0.579265 0.389063 0.571596 0.387572 0.548436 0.496482 0.552298 0.502207
1 0.191659 0.254029 0.178454 0.291256 0.181942 0.298898 0.194802 0.268568 0.208591 0.197630 0.212636 0.166582 0.204967 0.165091 0.193307 0.204608 0.191659 0.254029
1 0.228863 0.333885 0.233816 0.328878 0.245719 0.334176 0.245265 0.321155 0.169348 0.307393 0.164023 0.314317 0.169483 0.332291 0.228863 0.333885
1 0.348051 0.345114 0.289761 0.332789 0.272906 0.332497 0.268353 0.340566 0.289470 0.349645 0.354656 0.362315 0.366532 0.362634 0.371857 0.355711 0.383387 0.362926 0.382561 0.351822 0.358436 0.353102 0.348051 0.345114
1 0.163223 0.732989 0.204603 0.735064 0.257779 0.722519 0.257752 0.717539 0.214427 0.710113 0.191448 0.710620 0.155900 0.724602 0.163223 0.732989
1 0.241655 0.503504 0.304924 0.515802 0.316401 0.513059 0.305616 0.502009 0.217768 0.477969 0.174444 0.470543 0.159932 0.478665 0.241655 0.503504
1 0.216413 0.085739 0.231405 0.095617 0.378660 0.126230 0.388219 0.123114 0.382386 0.107058 0.369338 0.102532 0.264662 0.083179 0.220965 0.077670 0.216413 0.085739
1 0.793250 0.859434 0.839264 0.868378 0.841980 0.874875 0.849622 0.871386 0.849914 0.854530 0.793569 0.847557 0.790852 0.841060 0.775887 0.836162 0.673128 0.817182 0.648977 0.813482 0.646714 0.820006 0.659735 0.819553 0.662451 0.826050 0.681623 0.829777 0.687802 0.838936 0.757994 0.856560 0.765344 0.869927 0.776848 0.872163 0.793250 0.859434
1 0.474373 0.754672 0.482787 0.752328 0.477305 0.801005 0.482711 0.809019 0.494560 0.804359 0.498659 0.783269 0.492908 0.782151 0.500896 0.771766 0.495516 0.768730 0.509624 0.685916 0.517504 0.655613 0.525546 0.655187 0.527037 0.647518 0.519368 0.646027 0.530548 0.588510 0.517872 0.582066 0.495085 0.689059 0.484062 0.704824 0.489814 0.705942 0.481826 0.716327 0.481481 0.723224 0.486833 0.721280 0.478472 0.733582 0.482733 0.742369 0.476609 0.743169 0.474373 0.754672
