1 0.621460 0.351152 0.616380 0.358258 0.574141 0.356511 0.579517 0.366261 0.613019 0.379477 0.620229 0.377653 0.622568 0.369125 0.621460 0.351152
1 0.505188 0.585853 0.379798 0.565993 0.374918 0.578074 0.388928 0.583259 0.407207 0.580222 0.442637 0.593743 0.532902 0.598152 0.505188 0.585853
1 0.479625 0.322755 0.450689 0.318172 0.415249 0.323435 0.415851 0.338362 0.453612 0.362140 0.488851 0.351901 0.492613 0.340632 0.479625 0.322755
1 0.590250 0.641841 0.589046 0.611988 0.583364 0.604167 0.557097 0.751283 0.553212 0.807026 0.566113 0.794238 0.575174 0.743271 0.590250 0.641841
1 0.505919 0.119286 0.606632 0.145124 0.634250 0.145544 0.635778 0.135898 0.627355 0.126654 0.505823 0.107406 0.488671 0.090847 0.477096 0.089013 0.468359 0.100483 0.469668 0.123431 0.493122 0.125169 0.505919 0.119286
1 0.287499 0.568183 0.294700 0.585143 0.325652 0.620696 0.357128 0.621727 0.427684 0.650699 0.469416 0.649399 0.536629 0.662022 0.546580 0.661620 0.547496 0.655833 0.532980 0.647601 0.411143 0.630282 0.343835 0.605779 0.306484 0.573167 0.305795 0.527576 0.297573 0.523308 0.291986 0.527367 0.287499 0.568183
1 0.448412 0.831954 0.486688 0.839994 0.532890 0.835447 0.536042 0.828036 0.515738 0.818888 0.334806 0.800119 0.307389 0.804675 0.321189 0.823669 0.345656 0.831499 0.357135 0.821452 0.422112 0.835699 0.448412 0.831954
1 0.358842 0.436116 0.416504 0.459091 0.479229 0.512530 0.523083 0.535296 0.585101 0.580713 0.645915 0.596277 0.656783 0.590088 0.590697 0.557869 0.503199 0.498529 0.448286 0.458192 0.420075 0.424062 0.367283 0.407791 0.348900 0.417733 0.347678 0.425449 0.358842 0.436116
0 0.500108 1.000000 0.507540 0.976776 0.502058 0.973930 0.508055 0.961038 0.502879 0.956263 0.509688 0.944488 0.444099 0.934100 0.452837 0.922630 0.423089 0.916930 0.418934 0.899463 0.427061 0.891852 0.431320 0.902414 0.436601 0.900284 0.442598 0.887391 0.437422 0.882617 0.442703 0.880487 0.454984 0.890342 0.463006 0.889635 0.462491 0.905373 0.472547 0.898067 0.472451 0.886187 0.486059 0.881421 0.493776 0.882644 0.496412 0.890971 0.507279 0.884782 0.509706 0.906919 0.520477 0.888850 0.525348 0.895554 0.530629 0.893424 0.531039 0.884591 0.515100 0.879100 0.533379 0.876062 0.531554 0.868852 0.519168 0.865902 0.527094 0.853315 0.426782 0.837427 0.446483 0.831649 0.490547 0.840605 0.499791 0.832182 0.504050 0.842744 0.519483 0.845188 0.526693 0.843364 0.521822 0.836660 0.530656 0.837071 0.541017 0.827835 0.559217 0.775349 0.576432 0.660416 0.581234 0.598886 0.586925 0.587923 0.576678 0.571469 0.548964 0.559169 0.508567 0.527064 0.486029 0.519539 0.418433 0.459397 0.362700 0.436727 0.351641 0.419156 0.342196 0.422603 0.334270 0.435190 0.330699 0.470219 0.337176 0.516727 0.322432 0.559873 0.319377 0.579164 0.324247 0.585868 0.319778 0.589115 0.351446 0.613906 0.339156 0.622835 0.331239 0.616637 0.331649 0.607804 0.325251 0.610745 0.313476 0.603937 0.286930 0.696628 0.297228 0.818885 0.290716 0.847516 0.281778 0.854010 0.268421 0.969554 0.419500 0.989528 0.429556 0.982222 0.430577 0.969530 0.440424 0.976033 0.440013 0.984867 0.447023 0.978067 0.446001 0.990759 0.452295 0.994722 0.461748 0.972489 0.461940 0.996250 0.473619 0.991178 0.474536 0.985391 0.467125 0.982240 0.476264 0.980721 0.477373 0.998694 0.486512 0.997175 0.491086 0.987023 0.490370 0.997786 0.496352 1.000000 0.500108 1.000000
0 0.426787 0.000000 0.413751 0.058217 0.385738 0.247572 0.383431 0.399472 0.429415 0.427519 0.452144 0.458803 0.473059 0.464093 0.488282 0.480347 0.542296 0.488902 0.572952 0.507599 0.582902 0.507198 0.601286 0.497256 0.605048 0.485987 0.628679 0.330544 0.652634 0.135602 0.676447 0.022703 0.536658 0.000000 0.426787 0.000000
