1 0.175781 0.354492 0.191406 0.360352 0.202148 0.359375 0.205078 0.352539 0.188477 0.345703 0.175781 0.354492
1 0.748047 0.014648 0.749023 0.000000 0.728516 0.000977 0.729492 0.015625 0.748047 0.014648
1 0.456055 0.427734 0.453125 0.452148 0.470703 0.452148 0.470703 0.442383 0.460938 0.440430 0.468750 0.432617 0.456055 0.427734
1 0.451172 0.624023 0.453125 0.512695 0.448242 0.507812 0.443359 0.624023 0.451172 0.624023
1 0.850586 0.636719 0.843750 0.668945 0.843750 0.741211 0.845703 0.772461 0.853516 0.772461 0.857422 0.731445 0.849609 0.682617 0.855469 0.643555 0.850586 0.636719
1 0.793945 0.617188 0.781250 0.614258 0.784180 0.626953 0.861328 0.625977 0.865234 0.618164 0.856445 0.601562 0.797852 0.611328 0.793945 0.617188
1 0.668945 0.607422 0.657227 0.609375 0.653320 0.617188 0.640625 0.612305 0.643555 0.623047 0.666992 0.617188 0.678711 0.623047 0.738281 0.624023 0.754883 0.621094 0.757812 0.612305 0.735352 0.607422 0.668945 0.607422
1 0.745117 0.212891 0.695312 0.235352 0.696289 0.240234 0.740234 0.239258 0.762695 0.234375 0.794922 0.213867 0.786133 0.207031 0.745117 0.212891
1 0.688477 0.447266 0.677734 0.452148 0.690430 0.460938 0.781250 0.467773 0.825195 0.466797 0.837891 0.456055 0.752930 0.447266 0.688477 0.447266
1 0.690430 0.843750 0.681641 0.848633 0.690430 0.863281 0.704102 0.865234 0.810547 0.864258 0.854492 0.861328 0.857422 0.852539 0.840820 0.845703 0.690430 0.843750
1 0.278320 0.210938 0.258789 0.210938 0.250977 0.203125 0.178711 0.199219 0.168945 0.187500 0.157227 0.187500 0.143555 0.203125 0.096680 0.203125 0.092773 0.197266 0.085938 0.202148 0.088867 0.218750 0.145508 0.214844 0.149414 0.220703 0.165039 0.222656 0.269531 0.221680 0.293945 0.220703 0.294922 0.213867 0.282227 0.216797 0.278320 0.210938
1 0.476562 0.284180 0.475586 0.277344 0.470703 0.280273 0.476562 0.266602 0.470703 0.258789 0.476562 0.256836 0.476562 0.245117 0.468750 0.249023 0.464844 0.200195 0.458008 0.193359 0.447266 0.200195 0.447266 0.221680 0.453125 0.221680 0.447266 0.233398 0.453125 0.235352 0.455078 0.319336 0.453125 0.350586 0.445312 0.352539 0.445312 0.360352 0.453125 0.360352 0.453125 0.418945 0.466797 0.422852 0.468750 0.313477 0.476562 0.295898 0.470703 0.295898 0.476562 0.284180
