1 0.892900 0.616877 0.892336 0.625702 0.874913 0.634530 0.877178 0.649803 0.893583 0.646746 0.916435 0.624002 0.905572 0.618120 0.892900 0.616877
1 1.000000 0.476434 0.937005 0.467977 0.928521 0.482347 0.917772 0.481443 0.910083 0.513803 0.924228 0.529188 0.937692 0.531562 0.956246 0.521942 0.960316 0.498861 0.973666 0.496257 0.983737 0.501007 0.974461 0.514246 0.995619 0.517977 1.000000 0.514909 1.000000 0.476434
1 0.320561 0.117324 0.289449 0.130679 0.289337 0.142559 0.279042 0.144710 0.276668 0.158174 0.285156 0.177520 0.326115 0.192675 0.319780 0.200483 0.301903 0.189398 0.297380 0.209424 0.289800 0.213046 0.281200 0.205580 0.278487 0.220967 0.320463 0.230352 0.335740 0.244945 0.345808 0.232838 0.360178 0.241321 0.365834 0.237361 0.368998 0.208170 0.361302 0.189955 0.331321 0.202518 0.334827 0.188262 0.319778 0.183625 0.322152 0.170161 0.335616 0.172535 0.341384 0.156694 0.349534 0.177964 0.355641 0.160200 0.371367 0.160989 0.374531 0.131798 0.361746 0.125577 0.320561 0.117324
1 0.211661 0.515597 0.201593 0.527705 0.206685 0.532569 0.202276 0.557574 0.183497 0.574095 0.183725 0.584052 0.173654 0.579301 0.171394 0.597743 0.158044 0.600348 0.145713 0.614039 0.133041 0.612797 0.132138 0.623545 0.143339 0.627504 0.149221 0.616641 0.168116 0.621956 0.171513 0.636438 0.190183 0.648655 0.165631 0.647300 0.164841 0.663027 0.156694 0.658616 0.156014 0.645604 0.142549 0.643230 0.139044 0.657487 0.122978 0.658620 0.137123 0.674006 0.164051 0.678754 0.163714 0.697535 0.178085 0.706019 0.178087 0.722877 0.189061 0.716879 0.212142 0.720949 0.224926 0.710312 0.223567 0.701148 0.212818 0.700244 0.226394 0.690738 0.215645 0.689834 0.215757 0.677955 0.236464 0.695489 0.245968 0.692206 0.249921 0.647288 0.241772 0.626019 0.245726 0.581101 0.237237 0.561755 0.238929 0.518422 0.211661 0.515597
1 0.862529 0.260486 0.855065 0.285943 0.833231 0.302918 0.818296 0.303259 0.809027 0.367072 0.785839 0.408598 0.789013 0.446840 0.777927 0.464718 0.786755 0.482140 0.762772 0.505677 0.767639 0.517443 0.822963 0.507366 0.837217 0.494013 0.868559 0.507473 0.900800 0.476467 0.853504 0.452262 0.880881 0.426348 0.908713 0.420348 0.893662 0.398853 0.877596 0.399987 0.859265 0.385847 0.875893 0.359030 0.883694 0.314791 0.875772 0.303477 0.884144 0.300987 0.889682 0.258332 0.862529 0.260486
1 0.318094 0.277533 0.293092 0.289982 0.292190 0.317588 0.285402 0.322341 0.289705 0.342932 0.280315 0.351193 0.274210 0.385815 0.278963 0.392603 0.271836 0.399279 0.280780 0.438538 0.298319 0.451547 0.301264 0.479832 0.324573 0.493858 0.307829 0.498839 0.286462 0.620016 0.296196 0.643548 0.288846 0.673984 0.303104 0.694348 0.301750 0.718900 0.337845 0.739147 0.350289 0.730434 0.357639 0.699997 0.366792 0.614348 0.357272 0.499624 0.370039 0.370980 0.365054 0.320520 0.355773 0.300042 0.345703 0.295292 0.346154 0.281489 0.318094 0.277533
1 0.036271 0.368651 0.045322 0.362314 0.049735 0.371025 0.074401 0.377357 0.077119 0.395686 0.100201 0.399756 0.115024 0.411294 0.114459 0.420119 0.127238 0.375766 0.113207 0.365359 0.114903 0.355742 0.141039 0.359359 0.138217 0.403484 0.148740 0.411289 0.143880 0.450098 0.161305 0.458128 0.176579 0.455863 0.186754 0.398160 0.202822 0.413884 0.220017 0.395100 0.230087 0.399851 0.249647 0.300170 0.263789 0.298698 0.268087 0.285573 0.271817 0.264415 0.258126 0.252084 0.262985 0.213276 0.235265 0.207396 0.214104 0.186808 0.113520 0.177997 0.110015 0.192253 0.093949 0.193387 0.086146 0.220768 0.076190 0.220996 0.073472 0.202667 0.061931 0.200632 0.040664 0.225639 0.020993 0.337200 0.028124 0.364239 0.036271 0.368651
1 0.774097 0.582046 0.770138 0.593248 0.746379 0.593025 0.731221 0.617126 0.718324 0.622785 0.708144 0.646772 0.701816 0.705154 0.684394 0.713981 0.688245 0.748376 0.677611 0.752451 0.675237 0.765915 0.656230 0.772480 0.652611 0.781758 0.664379 0.793749 0.654650 0.803933 0.669250 0.839231 0.701159 0.860724 0.758296 0.862865 0.809439 0.887749 0.864314 0.891475 0.872572 0.884007 0.852204 0.864549 0.912507 0.854358 0.920765 0.846890 0.895985 0.835579 0.888854 0.808539 0.842238 0.797345 0.841671 0.789312 0.854908 0.781729 0.851172 0.769171 0.869273 0.756497 0.871419 0.733076 0.844716 0.721426 0.836233 0.735797 0.830349 0.729801 0.825707 0.711133 0.837355 0.667572 0.814157 0.641666 0.827166 0.624127 0.803631 0.617003 0.789487 0.601617 0.828181 0.601499 0.838363 0.594369 0.814715 0.582267 0.774097 0.582046
1 0.048421 0.682164 0.036316 0.688954 0.029417 0.705587 0.060984 0.712145 0.090512 0.696527 0.078743 0.684536 0.048421 0.682164
1 0.130110 0.685660 0.133053 0.697087 0.111670 0.700258 0.111444 0.707160 0.121854 0.709987 0.115858 0.715871 0.100357 0.708179 0.109862 0.721755 0.092893 0.733637 0.154671 0.754447 0.173339 0.749805 0.192801 0.763153 0.215427 0.747310 0.218823 0.761792 0.230364 0.763827 0.233983 0.754549 0.247900 0.759978 0.226173 0.731356 0.186120 0.722310 0.180461 0.709413 0.135880 0.686678 0.130110 0.685660
1 0.000000 0.580565 0.005301 0.589281 0.015711 0.592108 0.019674 0.614623 0.010962 0.619036 0.028840 0.630122 0.007004 0.630238 0.009497 0.655468 0.061091 0.666549 0.086323 0.680914 0.103521 0.678988 0.096505 0.673785 0.100010 0.659529 0.109628 0.661224 0.109855 0.671181 0.119923 0.659073 0.134521 0.677513 0.160769 0.669250 0.155335 0.649451 0.130895 0.636217 0.130781 0.631239 0.141190 0.634066 0.134175 0.628863 0.141641 0.620263 0.130665 0.609403 0.113807 0.609405 0.123313 0.622981 0.114034 0.619361 0.109737 0.632486 0.123201 0.634861 0.104533 0.639502 0.106001 0.619928 0.097062 0.614386 0.108036 0.608388 0.093327 0.601827 0.093434 0.556231 0.086758 0.549104 0.095808 0.542767 0.091055 0.535979 0.099880 0.536544 0.105423 0.527605 0.071140 0.519577 0.067744 0.505095 0.054619 0.500797 0.044212 0.514828 0.025883 0.517546 0.022373 0.498087 0.013434 0.492544 0.004948 0.490056 0.000000 0.495380 0.000000 0.580565
