1 0.892578 0.432617 0.908203 0.444336 0.907227 0.453125 0.919922 0.454102 0.931641 0.450195 0.913086 0.423828 0.897461 0.417969 0.892578 0.432617
1 0.976562 0.583008 0.965820 0.585938 0.953125 0.581055 0.953125 0.557617 0.936523 0.544922 0.922852 0.544922 0.906250 0.557617 0.908203 0.590820 0.918945 0.591797 0.924805 0.607422 0.996094 0.610352 1.000000 0.577148 0.991211 0.568359 0.969727 0.568359 0.976562 0.583008
1 0.295898 0.791016 0.284180 0.810547 0.281250 0.793945 0.267578 0.793945 0.267578 0.780273 0.283203 0.778320 0.282227 0.763672 0.309570 0.781250 0.320312 0.764648 0.322266 0.735352 0.317383 0.730469 0.301758 0.736328 0.293945 0.722656 0.276367 0.734375 0.233398 0.736328 0.233398 0.751953 0.243164 0.746094 0.250000 0.750977 0.250977 0.771484 0.270508 0.763672 0.275391 0.772461 0.232422 0.780273 0.220703 0.797852 0.220703 0.811523 0.230469 0.815430 0.228516 0.827148 0.256836 0.845703 0.298828 0.844727 0.312500 0.840820 0.314453 0.811523 0.298828 0.809570 0.295898 0.791016
1 0.279297 0.311523 0.283203 0.266602 0.274414 0.261719 0.250977 0.275391 0.252930 0.263672 0.263672 0.264648 0.251953 0.252930 0.262695 0.253906 0.265625 0.245117 0.254883 0.232422 0.231445 0.232422 0.221680 0.224609 0.218750 0.241211 0.203125 0.247070 0.200195 0.265625 0.172852 0.265625 0.156250 0.278320 0.171875 0.282227 0.172852 0.296875 0.186523 0.296875 0.189453 0.284180 0.198242 0.281250 0.196289 0.296875 0.220703 0.299805 0.200195 0.308594 0.194336 0.322266 0.174805 0.324219 0.170898 0.312500 0.159180 0.314453 0.158203 0.325195 0.170898 0.326172 0.180664 0.341797 0.193359 0.346680 0.192383 0.365234 0.203125 0.362305 0.201172 0.372070 0.216797 0.391602 0.216797 0.416992 0.210938 0.420898 0.218750 0.434570 0.246094 0.436523 0.251953 0.393555 0.263672 0.375977 0.267578 0.331055 0.279297 0.311523
1 0.845703 0.704102 0.833984 0.674805 0.854492 0.664062 0.870117 0.667969 0.888672 0.649414 0.862305 0.638672 0.839844 0.608398 0.890625 0.592773 0.864258 0.556641 0.831055 0.564453 0.819336 0.548828 0.766602 0.529297 0.759766 0.540039 0.779297 0.567383 0.767578 0.583008 0.775391 0.602539 0.765625 0.639648 0.781250 0.684570 0.779297 0.749023 0.793945 0.751953 0.812500 0.772461 0.815430 0.798828 0.841797 0.805664 0.843750 0.762695 0.835938 0.758789 0.845703 0.749023 0.845703 0.704102
1 0.349609 0.604492 0.359375 0.475586 0.388672 0.364258 0.394531 0.278320 0.392578 0.247070 0.381836 0.236328 0.342773 0.250000 0.339844 0.274414 0.322266 0.291992 0.324219 0.323242 0.310547 0.344727 0.310547 0.467773 0.326172 0.475586 0.300781 0.485352 0.292969 0.512695 0.273438 0.522461 0.257812 0.559570 0.263672 0.567383 0.257812 0.573242 0.257812 0.608398 0.265625 0.618164 0.257812 0.637695 0.263672 0.643555 0.259766 0.670898 0.282227 0.687500 0.310547 0.688477 0.312500 0.674805 0.323242 0.671875 0.335938 0.653320 0.349609 0.604492
1 0.000000 0.690430 0.016602 0.718750 0.028320 0.718750 0.034180 0.701172 0.043945 0.703125 0.046875 0.731445 0.062500 0.735352 0.063477 0.750000 0.164062 0.758789 0.188477 0.742188 0.216797 0.741211 0.218750 0.702148 0.234375 0.692383 0.234375 0.670898 0.232422 0.657227 0.218750 0.653320 0.216797 0.551758 0.206055 0.554688 0.192383 0.533203 0.173828 0.545898 0.173828 0.487305 0.159180 0.482422 0.140625 0.487305 0.138672 0.526367 0.126953 0.532227 0.122070 0.576172 0.095703 0.575195 0.095703 0.565430 0.111328 0.557617 0.106445 0.511719 0.105469 0.520508 0.088867 0.529297 0.065430 0.529297 0.059570 0.546875 0.034180 0.548828 0.028320 0.556641 0.020508 0.548828 0.011719 0.551758 0.000000 0.577148 0.000000 0.690430
1 0.819336 0.437500 0.843750 0.434570 0.833984 0.415039 0.861328 0.393555 0.857422 0.348633 0.865234 0.331055 0.872070 0.326172 0.877930 0.341797 0.906250 0.334961 0.908203 0.311523 0.892578 0.295898 0.898438 0.284180 0.886719 0.274414 0.888672 0.266602 0.936523 0.263672 0.948242 0.238281 0.974609 0.231445 0.967773 0.222656 0.910156 0.202148 0.933594 0.186523 0.926758 0.177734 0.872070 0.171875 0.817383 0.187500 0.760742 0.179688 0.725586 0.195312 0.705078 0.227539 0.712891 0.239258 0.699219 0.249023 0.701172 0.258789 0.718750 0.268555 0.718750 0.282227 0.728516 0.288086 0.718750 0.321289 0.734375 0.333008 0.730469 0.391602 0.736328 0.416992 0.748047 0.424805 0.758789 0.451172 0.782227 0.455078 0.784180 0.466797 0.824219 0.473633 0.849609 0.465820 0.840820 0.457031 0.802734 0.450195 0.819336 0.437500
1 0.076172 0.233398 0.086914 0.242188 0.117188 0.245117 0.130859 0.235352 0.104492 0.214844 0.072266 0.215820 0.076172 0.233398
1 0.296875 0.200195 0.282227 0.203125 0.280273 0.193359 0.268555 0.193359 0.262695 0.207031 0.243164 0.187500 0.221680 0.197266 0.204102 0.189453 0.139648 0.199219 0.154297 0.213867 0.142578 0.225586 0.159180 0.220703 0.164062 0.227539 0.153320 0.228516 0.152344 0.235352 0.172852 0.242188 0.167969 0.252930 0.173828 0.252930 0.221680 0.238281 0.229492 0.226562 0.270508 0.224609 0.296875 0.200195
1 0.000000 0.407227 0.010742 0.423828 0.019531 0.422852 0.029297 0.418945 0.036133 0.400391 0.053711 0.406250 0.061523 0.421875 0.075195 0.419922 0.081055 0.406250 0.116211 0.404297 0.112305 0.394531 0.103516 0.393555 0.109375 0.387695 0.101562 0.379883 0.109375 0.374023 0.117188 0.329102 0.132812 0.325195 0.123047 0.317383 0.132812 0.313477 0.134766 0.293945 0.152344 0.301758 0.138672 0.301758 0.140625 0.315430 0.150391 0.313477 0.138672 0.325195 0.155273 0.328125 0.167969 0.319336 0.162109 0.309570 0.169922 0.305664 0.159180 0.306641 0.160156 0.301758 0.186523 0.292969 0.195312 0.274414 0.170898 0.261719 0.153320 0.277344 0.145508 0.263672 0.143555 0.273438 0.133789 0.273438 0.132812 0.258789 0.140625 0.254883 0.124023 0.250000 0.096680 0.259766 0.043945 0.261719 0.037109 0.286133 0.058594 0.290039 0.039062 0.297852 0.046875 0.303711 0.039062 0.325195 0.028320 0.326172 0.000000 0.358398 0.000000 0.407227
