1 0.438942 0.905343 0.430124 0.906012 0.418957 0.889987 0.404148 0.894356 0.409458 0.910176 0.435162 0.929640 0.439474 0.918064 0.438942 0.905343
1 0.588635 1.000000 0.592971 0.999643 0.592531 0.928295 0.577120 0.921894 0.576519 0.911124 0.543404 0.908013 0.530137 0.924162 0.529660 0.937825 0.541768 0.954860 0.565191 0.955678 0.569628 0.968536 0.566325 0.979169 0.551925 0.971826 0.551175 0.993297 0.557425 1.000000 0.588635 1.000000
1 0.853979 0.269049 0.836424 0.240098 0.824644 0.241641 0.821081 0.231745 0.807417 0.231268 0.789441 0.242366 0.780134 0.285036 0.771520 0.279850 0.780010 0.260603 0.759549 0.258911 0.754907 0.251909 0.761104 0.242354 0.745488 0.241809 0.742037 0.284683 0.729712 0.301841 0.743103 0.310126 0.736702 0.325537 0.741411 0.330588 0.770758 0.329658 0.787725 0.319502 0.771111 0.291561 0.785717 0.293048 0.788214 0.277501 0.801878 0.277978 0.801401 0.291642 0.817890 0.295149 0.797961 0.306179 0.816403 0.309755 0.817809 0.325438 0.847156 0.324509 0.851537 0.310981 0.853979 0.269049
1 0.444426 0.216638 0.431035 0.208353 0.426926 0.214072 0.401551 0.213186 0.382577 0.196889 0.372749 0.198500 0.376052 0.187867 0.357475 0.188195 0.353038 0.175337 0.337763 0.165032 0.337230 0.152311 0.326461 0.152912 0.324100 0.164555 0.335675 0.168868 0.333041 0.188319 0.319173 0.193698 0.309674 0.213887 0.307598 0.189385 0.291914 0.190792 0.295149 0.182110 0.307939 0.179625 0.308416 0.165962 0.293811 0.164475 0.290452 0.148723 0.277185 0.164871 0.276231 0.192198 0.257585 0.194479 0.251184 0.209890 0.234490 0.212238 0.241957 0.222271 0.241139 0.245694 0.253452 0.256872 0.262338 0.254251 0.261737 0.243482 0.273040 0.255602 0.272438 0.244832 0.284218 0.243290 0.269737 0.266236 0.274310 0.275190 0.319341 0.272854 0.339269 0.261824 0.384300 0.259487 0.402276 0.248389 0.445423 0.244033 0.444426 0.216638
1 0.787638 0.825666 0.761389 0.821818 0.741541 0.802559 0.739124 0.787818 0.674642 0.787520 0.630293 0.770337 0.592866 0.778801 0.573619 0.770312 0.557594 0.781478 0.530949 0.761005 0.519975 0.767462 0.537654 0.820845 0.552860 0.833102 0.543894 0.866013 0.579084 0.893625 0.596472 0.843420 0.625943 0.866924 0.635759 0.893650 0.654950 0.875754 0.651591 0.860002 0.663042 0.839882 0.691912 0.852616 0.736807 0.854183 0.746907 0.844764 0.750539 0.852709 0.793549 0.852256 0.787638 0.825666
1 0.694986 0.288903 0.679178 0.265876 0.651715 0.268826 0.646064 0.262766 0.626272 0.269892 0.616785 0.261743 0.581650 0.260516 0.575589 0.266167 0.567986 0.260039 0.530354 0.274359 0.519913 0.293538 0.492313 0.300391 0.481667 0.325426 0.474405 0.309538 0.351433 0.305243 0.329485 0.318157 0.298322 0.315115 0.280141 0.332068 0.255639 0.334144 0.240613 0.372706 0.250973 0.383816 0.282136 0.386859 0.368226 0.384002 0.480509 0.358609 0.609677 0.353348 0.658953 0.341388 0.677939 0.329348 0.681242 0.318715 0.694974 0.317240 0.694986 0.288903
1 0.565532 0.022504 0.573068 0.030584 0.565055 0.036168 0.562217 0.061475 0.544445 0.066717 0.543627 0.090140 0.534264 0.106425 0.525446 0.107094 0.571147 0.113576 0.579500 0.098233 0.589259 0.098574 0.589315 0.124959 0.545226 0.128305 0.538961 0.139812 0.499854 0.140401 0.494327 0.158774 0.498696 0.173584 0.557254 0.175629 0.543919 0.193729 0.564913 0.208142 0.561610 0.218776 0.663042 0.224272 0.666469 0.238072 0.680065 0.240501 0.701536 0.241251 0.711841 0.225976 0.750948 0.225388 0.752912 0.197119 0.770355 0.173299 0.765082 0.072467 0.750477 0.070980 0.747118 0.055228 0.718917 0.051312 0.717306 0.041484 0.735078 0.036242 0.735487 0.024530 0.707763 0.006950 0.594551 0.002997 0.568767 0.013823 0.565532 0.022504
1 0.456899 0.782848 0.445256 0.780487 0.442170 0.756927 0.416194 0.745271 0.408795 0.733287 0.383624 0.726545 0.324930 0.728404 0.313764 0.712380 0.280240 0.720981 0.274725 0.711017 0.261061 0.710539 0.251915 0.692631 0.242224 0.690338 0.231987 0.703661 0.220548 0.695444 0.187625 0.714815 0.170783 0.749405 0.176614 0.806283 0.159090 0.860392 0.163037 0.915251 0.171582 0.922389 0.188016 0.899512 0.206500 0.957809 0.215045 0.964948 0.222797 0.938835 0.248581 0.928010 0.253179 0.880290 0.261055 0.878610 0.270406 0.890663 0.282322 0.885216 0.297392 0.901377 0.320884 0.900243 0.328704 0.872178 0.313293 0.865777 0.318411 0.859116 0.336251 0.851922 0.381009 0.857393 0.403435 0.830816 0.422613 0.841257 0.426393 0.816960 0.439660 0.800812 0.445163 0.839113 0.453640 0.848204 0.462334 0.823101 0.456899 0.782848
1 0.256761 0.078168 0.248352 0.067126 0.230921 0.062608 0.228820 0.094781 0.248396 0.121848 0.258632 0.108525 0.256761 0.078168
1 0.264668 0.159548 0.253762 0.164053 0.247646 0.143319 0.240780 0.144057 0.239429 0.154758 0.232768 0.149640 0.238227 0.133219 0.226106 0.144522 0.211978 0.129371 0.199969 0.193444 0.207163 0.211284 0.196654 0.232414 0.215492 0.252615 0.201623 0.257994 0.201215 0.269706 0.210906 0.271998 0.207467 0.286536 0.232786 0.261037 0.236170 0.220114 0.248154 0.212715 0.264463 0.165404 0.264668 0.159548
1 0.370271 0.000000 0.342739 0.022541 0.341388 0.033243 0.319644 0.040301 0.314061 0.032288 0.305572 0.051535 0.302418 0.029927 0.277780 0.035907 0.273988 0.088541 0.263274 0.115528 0.267574 0.132289 0.271751 0.124618 0.286356 0.126105 0.286015 0.135865 0.276187 0.137476 0.289578 0.145761 0.273349 0.162783 0.285185 0.187625 0.304035 0.179489 0.313739 0.153445 0.318653 0.152639 0.317302 0.163341 0.321479 0.155669 0.331034 0.161866 0.340260 0.149485 0.337912 0.132791 0.325791 0.144094 0.328084 0.134403 0.314489 0.131973 0.314012 0.145637 0.306817 0.127797 0.326405 0.126527 0.330650 0.116903 0.338116 0.126936 0.342566 0.111456 0.387733 0.105216 0.393861 0.097613 0.401396 0.105694 0.407457 0.100042 0.408126 0.108860 0.417749 0.113105 0.420928 0.078038 0.434796 0.072659 0.437225 0.059064 0.421882 0.050711 0.416640 0.032939 0.435422 0.026755 0.439667 0.017131 0.440949 0.008382 0.428937 0.000000 0.370271 0.000000
