0 0.461847 0.000000 0.089074 0.064744 0.078284 0.095404 0.031289 0.117573 0.015553 0.185795 0.037157 0.229584 0.000000 0.235357 0.000000 0.302297 0.005164 0.310589 0.002971 0.350641 0.033812 0.420566 0.079670 0.431321 0.104863 0.429854 0.126207 0.445923 0.152417 0.450226 0.179007 0.443554 0.197677 0.431338 0.205336 0.409163 0.250555 0.403173 0.273216 0.439834 0.308703 0.457376 0.321070 0.475027 0.269288 0.483166 0.250279 0.493460 0.245751 0.507149 0.187406 0.517437 0.149806 0.514150 0.078794 0.491965 0.066427 0.474313 0.021286 0.454507 0.025853 0.427919 0.008279 0.420110 0.000000 0.421053 0.000000 0.507720 0.006409 0.580092 0.032620 0.584395 0.115818 0.570716 0.080253 0.578971 0.110273 0.578636 0.021190 0.598310 0.010818 0.605097 0.090126 1.000000 0.314794 1.000000 0.361018 0.950906 0.395527 0.949779 0.425089 0.986215 0.456805 0.995497 0.488561 0.991881 0.514472 0.981363 0.553208 0.951725 0.584025 0.916542 0.596551 0.882601 0.615899 0.874232 0.650407 0.873105 0.653460 0.890416 0.727225 0.915091 0.762293 0.956506 0.805138 0.937052 0.811141 0.892361 0.826380 0.873808 0.815448 0.838054 0.827635 0.802190 0.818477 0.750257 0.836667 0.669703 0.810733 0.575113 0.816396 0.528499 0.751877 0.188839 0.757422 0.180920 0.787443 0.180585 0.805158 0.254808 0.843697 0.289661 0.854289 0.323492 0.877069 0.321459 0.857421 0.315007 0.874016 0.304148 0.874395 0.293173 0.890233 0.304263 0.955480 0.293750 0.955440 0.306648 0.945447 0.302460 0.911956 0.309357 0.908485 0.315919 0.922967 0.319315 0.912934 0.328026 0.900905 0.312298 0.881896 0.322591 0.892907 0.332549 0.921192 0.335494 0.908745 0.343639 0.914172 0.374414 0.894106 0.391835 0.902325 0.412202 0.929553 0.422275 0.968707 0.368765 0.958272 0.283341 0.904834 0.268965 0.902120 0.253577 0.894540 0.249956 0.883829 0.254819 0.875271 0.232529 0.883269 0.212278 0.903595 0.222577 0.946402 0.216020 0.920665 0.056940 0.910253 0.076625 0.884382 0.074246 0.903730 0.065876 0.858172 0.069942 0.845764 0.065189 0.916556 0.046757 0.909434 0.006364 0.896483 0.000000 0.559999 0.000000 0.559902 0.005523 0.548512 0.006540 0.542974 0.000000 0.536572 0.000000 0.536065 0.014685 0.563672 0.013783 0.574604 0.049538 0.566148 0.106560 0.591223 0.143787 0.579115 0.153855 0.582846 0.175013 0.603172 0.185311 0.611730 0.207601 0.573034 0.224341 0.571259 0.240520 0.612929 0.266888 0.649614 0.343716 0.645567 0.425743 0.667510 0.471455 0.631866 0.505506 0.607351 0.510820 0.566320 0.501197 0.537175 0.440889 0.517764 0.357048 0.517323 0.275813 0.538746 0.266085 0.527396 0.254204 0.533280 0.248208 0.549836 0.250247 0.547462 0.236783 0.559909 0.228638 0.556477 0.222302 0.538525 0.225468 0.539164 0.242213 0.530188 0.243795 0.513908 0.151470 0.464119 0.000000 0.461847 0.000000
1 0.542174 0.836658 0.565592 0.851370 0.558888 0.787105 0.537086 0.807807 0.542174 0.836658
1 0.737330 0.657469 0.762704 0.709518 0.763959 0.637900 0.746425 0.617192 0.737330 0.657469
1 0.544067 0.781785 0.557571 0.766513 0.544982 0.708243 0.533593 0.709260 0.522842 0.727022 0.515143 0.762094 0.544067 0.781785
1 0.418378 0.698835 0.432560 0.687409 0.415224 0.602212 0.395915 0.597683 0.385543 0.604470 0.400426 0.702000 0.418378 0.698835
1 0.241632 0.838087 0.262337 0.837411 0.273048 0.832548 0.263812 0.806411 0.275920 0.796343 0.263891 0.780615 0.276677 0.774394 0.273325 0.742261 0.265146 0.708996 0.252399 0.702319 0.238557 0.715668 0.247793 0.741805 0.229683 0.796563 0.238280 0.805955 0.253479 0.800300 0.245860 0.809576 0.258906 0.831075 0.241632 0.838087
1 0.423087 0.738661 0.439982 0.742624 0.462083 0.736743 0.577834 0.684601 0.617809 0.701352 0.627842 0.692641 0.613021 0.687321 0.624111 0.671483 0.609630 0.668087 0.650740 0.651913 0.692670 0.706001 0.689657 0.675792 0.705914 0.663009 0.674237 0.640829 0.774789 0.594342 0.782069 0.583142 0.613140 0.648627 0.590699 0.652584 0.535746 0.682106 0.524017 0.681199 0.529263 0.658459 0.512707 0.656420 0.510553 0.683574 0.453865 0.716377 0.435912 0.719542 0.423087 0.738661
1 0.421994 0.194451 0.439788 0.242878 0.442659 0.206673 0.421994 0.194451
1 0.476292 0.266190 0.381743 0.267987 0.395168 0.278511 0.451059 0.280555 0.473839 0.278522 0.476292 0.266190
1 0.415132 0.181778 0.426182 0.178838 0.422152 0.142858 0.418382 0.134598 0.402165 0.134483 0.380702 0.157108 0.415132 0.181778
1 0.161845 0.188757 0.148120 0.163412 0.120474 0.177211 0.133023 0.248379 0.165078 0.259584 0.161845 0.188757
1 0.361252 0.086166 0.331271 0.073603 0.291596 0.071674 0.277572 0.031507 0.145344 0.055814 0.164314 0.058419 0.185658 0.074488 0.272209 0.092942 0.272130 0.118738 0.250368 0.126542 0.252742 0.140006 0.260322 0.143627 0.280348 0.139105 0.288149 0.183344 0.316016 0.210162 0.302133 0.236409 0.307820 0.294904 0.337564 0.384856 0.356494 0.400359 0.371354 0.392781 0.348054 0.339374 0.359484 0.325460 0.350926 0.303170 0.364051 0.298872 0.343385 0.286650 0.334149 0.260513 0.352259 0.205755 0.312963 0.192851 0.317270 0.138544 0.291517 0.097470 0.307395 0.095662 0.403600 0.116380 0.431207 0.115479 0.447384 0.128493 0.467072 0.122046 0.462623 0.109939 0.373320 0.088996 0.374716 0.083792 0.397495 0.081758 0.402362 0.069992 0.380798 0.013305 0.315891 0.025742 0.328179 0.069190 0.348545 0.066590 0.354429 0.060595 0.361252 0.086166
1 0.670302 0.461046 0.771453 0.444202 0.774585 0.435717 0.670302 0.461046
1 0.525967 0.495421 0.533586 0.486145 0.438998 0.500840 0.350593 0.524361 0.314011 0.526845 0.054382 0.576591 0.009840 0.586428 0.009461 0.597403 0.079535 0.588022 0.261850 0.545959 0.463812 0.510347 0.525967 0.495421
1 0.710530 0.282402 0.755750 0.276411 0.755071 0.272565 0.675722 0.268707 0.613946 0.272658 0.626693 0.279335 0.710530 0.282402
1 0.736418 0.166775 0.606761 0.140055 0.581568 0.141523 0.661557 0.162125 0.732608 0.171413 0.736418 0.166775
1 0.807088 0.751273 0.766656 0.771294 0.646976 0.866769 0.761071 0.792111 0.810180 0.755686 0.807088 0.751273
1 0.394440 0.628684 0.386142 0.634113 0.419057 0.702682 0.428412 0.690124 0.410397 0.601079 0.395915 0.597683 0.385543 0.604470 0.394440 0.628684
1 0.464701 0.895934 0.450638 0.868665 0.459314 0.852260 0.432962 0.781543 0.427937 0.844902 0.457642 0.947752 0.464701 0.895934
1 0.126726 1.000000 0.117086 0.945328 0.125045 0.937975 0.113694 0.926094 0.093803 0.773916 0.059271 0.669934 0.063239 0.613703 0.041517 0.608609 0.016245 0.635872 0.031507 0.722428 0.053868 0.744267 0.064563 0.857410 0.112649 1.000000 0.126726 1.000000
1 0.808763 0.091546 0.938380 0.131163 0.937024 0.123469 0.809481 0.082494 0.808763 0.091546
1 0.580601 0.000000 0.640907 0.031897 0.674359 0.037898 0.725005 0.062683 0.760192 0.065403 0.759513 0.061556 0.584900 0.000000 0.580601 0.000000
1 0.728907 0.478478 0.715025 0.504725 0.729049 0.544893 0.748058 0.534599 0.741914 0.512875 0.732378 0.471917 0.720988 0.472933 0.728907 0.478478
1 0.646110 0.586291 0.660931 0.591610 0.669110 0.624875 0.679483 0.618088 0.675413 0.595007 0.688199 0.588786 0.682732 0.570909 0.658675 0.539452 0.646110 0.586291
1 0.703549 0.308423 0.689786 0.295976 0.680352 0.334329 0.696292 0.424732 0.715222 0.440235 0.726273 0.437295 0.725973 0.422473 0.698564 0.358884 0.703549 0.308423
1 0.674026 0.259089 0.688208 0.247664 0.682064 0.225940 0.663473 0.212361 0.666305 0.189054 0.652801 0.204326 0.674026 0.259089
1 0.780380 0.796639 0.788559 0.829904 0.794223 0.783291 0.783172 0.786231 0.780380 0.796639
1 0.733346 0.831707 0.718186 0.824464 0.701212 0.846298 0.711725 0.905925 0.735144 0.920636 0.733346 0.831707
1 0.697738 0.065508 0.695466 0.131356 0.709190 0.156701 0.731251 0.163719 0.739210 0.156366 0.720517 0.063474 0.708449 0.060644 0.697738 0.065508
1 0.643841 0.087902 0.626426 0.028500 0.615036 0.029517 0.611108 0.072850 0.592816 0.074092 0.588249 0.100679 0.562339 0.111198 0.564034 0.120815 0.580212 0.133829 0.644701 0.145265 0.643841 0.087902
1 0.787104 0.178662 0.829152 0.194055 0.898508 0.193725 0.787104 0.178662
1 0.251365 0.814555 0.242649 0.843858 0.261958 0.848386 0.258748 0.882668 0.288011 0.904282 0.322598 0.877359 0.318828 0.869099 0.288208 0.839791 0.280747 0.797475 0.258646 0.803355 0.286671 0.778581 0.269973 0.710128 0.247911 0.703110 0.238217 0.713744 0.241112 0.782648 0.227229 0.808895 0.251365 0.814555
