0 0.486959 0.000000 0.405271 0.007358 0.396359 0.166945 0.404530 0.260338 0.395450 0.261133 0.391733 0.244793 0.373573 0.246382 0.371899 0.253390 0.386030 0.258036 0.387221 0.271656 0.402686 0.265401 0.409921 0.269670 0.402033 0.284084 0.425243 0.287935 0.445842 0.366517 0.448792 0.452525 0.436250 0.518321 0.399107 0.538236 0.374053 0.539447 0.330810 0.515783 0.340174 0.465949 0.315035 0.387764 0.330585 0.304059 0.364011 0.267805 0.358109 0.252636 0.316399 0.246483 0.318896 0.222737 0.335864 0.207528 0.333992 0.186126 0.319691 0.179535 0.334276 0.137086 0.311350 0.084196 0.312655 0.046830 0.339555 0.040556 0.333142 0.019550 0.325424 0.035910 0.314159 0.037876 0.307577 0.014925 0.085119 0.034387 0.000000 0.108826 0.000000 0.169874 0.053480 0.169495 0.042726 0.177298 0.000000 0.184754 0.000000 0.185506 0.018522 0.188238 0.000000 0.195073 0.000000 0.340717 0.038354 0.336488 0.055322 0.321279 0.068289 0.338770 0.065792 0.362516 0.054187 0.360590 0.047803 0.366050 0.049164 0.381616 0.001268 0.409333 0.013298 0.494547 0.064967 0.536100 0.088660 0.519323 0.091328 0.497523 0.067437 0.485889 0.064713 0.454758 0.050582 0.450112 0.077141 0.439946 0.085200 0.427478 0.064174 0.422455 0.056626 0.440761 0.044681 0.434944 0.057790 0.427915 0.052739 0.422475 0.018605 0.424482 0.010035 0.431113 0.006659 0.418665 0.072403 0.411932 0.084831 0.397121 0.088037 0.407624 0.106878 0.413818 0.089570 0.425135 0.112099 0.421203 0.113575 0.385784 0.141780 0.342144 0.139681 0.265864 0.168765 0.258418 0.176171 0.264633 0.201761 0.609417 0.219296 0.652977 0.218727 0.751056 0.257146 0.824157 0.261742 0.876691 0.282796 0.908179 0.281490 0.945545 0.301011 0.959521 0.317903 1.000000 0.368966 1.000000 0.387951 0.959757 0.452816 0.916831 0.451284 0.899320 0.484908 0.891477 0.505764 0.894554 0.526647 0.924096 0.565520 0.950104 0.610607 0.968706 0.638358 0.972160 0.669967 0.967434 0.698200 0.950259 0.717325 0.907414 0.750949 0.899571 0.816239 0.939932 0.898497 0.965085 1.000000 0.957715 1.000000 0.479389 0.999714 0.474906 0.987939 0.471035 0.896800 0.475087 0.925884 0.467641 0.889394 0.468873 0.973298 0.460552 0.997502 0.449612 0.970093 0.293203 0.954289 0.295566 0.939335 0.307657 0.950628 0.332157 0.912152 0.362971 0.904774 0.383223 0.841924 0.423032 0.806455 0.435938 0.747436 0.441101 0.739519 0.429050 0.718494 0.424027 0.666370 0.429568 0.673747 0.409317 0.703484 0.383188 0.715884 0.341911 0.761114 0.335993 0.774251 0.355430 0.795447 0.362398 0.822857 0.361961 0.847060 0.351021 0.863518 0.329975 0.888232 0.324872 0.929745 0.302614 0.941436 0.227089 0.928951 0.188970 0.946715 0.130559 0.924668 0.113862 0.877083 0.119006 0.886618 0.071117 0.853760 0.009293 0.802629 0.000042 0.802601 0.000000 0.486959 0.000000
1 0.527584 0.856374 0.546397 0.836102 0.543844 0.806917 0.517427 0.792563 0.527584 0.856374
1 0.300474 0.770372 0.311513 0.713529 0.292304 0.676979 0.280726 0.701518 0.300474 0.770372
1 0.513370 0.772332 0.530366 0.783589 0.553208 0.757083 0.536694 0.725198 0.521712 0.710824 0.510448 0.712790 0.513370 0.772332
1 0.613647 0.663569 0.630303 0.670934 0.648462 0.669346 0.637596 0.571287 0.625821 0.567416 0.608342 0.576787 0.613647 0.663569
1 0.786732 0.707244 0.800692 0.709943 0.793144 0.728249 0.807445 0.734840 0.805288 0.762477 0.816893 0.764403 0.837068 0.759697 0.818567 0.757394 0.825605 0.733251 0.815844 0.726263 0.831989 0.727791 0.837863 0.716494 0.806197 0.668289 0.808354 0.640653 0.791528 0.631341 0.780944 0.641090 0.781653 0.675338 0.786732 0.707244
1 0.258992 0.662248 0.368149 0.681126 0.343292 0.710749 0.362303 0.718889 0.367212 0.748848 0.393715 0.685751 0.437610 0.690734 0.424501 0.697762 0.439312 0.710191 0.426373 0.719165 0.438319 0.724982 0.472596 0.698456 0.597898 0.718863 0.620768 0.718823 0.636062 0.710623 0.618725 0.695474 0.600566 0.697063 0.537319 0.680050 0.528211 0.654379 0.512747 0.660633 0.523699 0.681241 0.512604 0.685153 0.451883 0.670859 0.429183 0.672845 0.249061 0.653314 0.258992 0.662248
1 0.491612 0.236055 0.496266 0.184672 0.479468 0.201827 0.491612 0.236055
1 0.467947 0.279297 0.490477 0.275366 0.543935 0.258925 0.554178 0.245285 0.462386 0.268021 0.467947 0.279297
1 0.488180 0.170675 0.499615 0.170655 0.526486 0.137915 0.499899 0.121616 0.484264 0.125925 0.482760 0.134879 0.488180 0.170675
1 0.761286 0.181092 0.789348 0.161972 0.783050 0.089981 0.752774 0.083807 0.746078 0.111841 0.761286 0.181092
1 0.489076 0.000000 0.483017 0.059374 0.490763 0.069479 0.513292 0.065548 0.515988 0.070213 0.435148 0.113557 0.433984 0.126402 0.454670 0.127533 0.466928 0.110776 0.493827 0.104502 0.581392 0.059590 0.597196 0.057227 0.582952 0.103566 0.601168 0.154909 0.566550 0.177543 0.598216 0.225748 0.596059 0.253385 0.579261 0.270539 0.593051 0.271293 0.590554 0.295039 0.605195 0.305521 0.596512 0.363138 0.612827 0.366612 0.627100 0.346738 0.632549 0.252153 0.622902 0.194179 0.602700 0.172420 0.622676 0.139303 0.618761 0.094552 0.639276 0.093737 0.645660 0.088277 0.644468 0.074657 0.621428 0.072752 0.614675 0.047855 0.693500 0.007629 0.699466 0.000000 0.592844 0.000000 0.590443 0.032330 0.552620 0.044462 0.526912 0.064356 0.526884 0.037891 0.534120 0.042159 0.554464 0.039399 0.555009 0.000000 0.489076 0.000000
1 0.223355 0.516361 0.325419 0.506451 0.218134 0.508975 0.223355 0.516361
1 0.473733 0.502298 0.537633 0.500629 0.741931 0.482755 0.928920 0.476198 0.999034 0.467123 0.995827 0.456621 0.950258 0.458647 0.686600 0.477793 0.650621 0.484862 0.559141 0.485023 0.463972 0.495310 0.473733 0.502298
1 0.195096 0.350223 0.240325 0.344305 0.320512 0.319645 0.331096 0.309896 0.270402 0.322068 0.194755 0.346332 0.195096 0.350223
1 0.190273 0.242813 0.256500 0.215452 0.328430 0.174849 0.303716 0.179952 0.185393 0.239318 0.190273 0.242813
1 0.266566 0.827254 0.323429 0.849728 0.452959 0.892312 0.312647 0.831065 0.268411 0.822192 0.266566 0.827254
1 0.618357 0.665118 0.630643 0.674826 0.644689 0.600075 0.635269 0.596978 0.637596 0.571287 0.625821 0.567416 0.612711 0.574444 0.618357 0.665118
1 0.643098 0.843327 0.636571 0.873307 0.656802 0.921532 0.658874 0.814498 0.637622 0.754599 0.630471 0.829727 0.643098 0.843327
1 1.000000 0.504504 0.970971 0.486244 0.951307 0.496787 0.969693 0.550074 0.963251 0.659451 0.983424 0.811592 0.975535 0.826006 0.985126 0.831049 0.990914 0.897202 1.000000 0.898710 1.000000 0.655055 0.994151 0.620476 1.000000 0.610617 1.000000 0.504504
1 0.000000 0.245381 0.096042 0.185377 0.093006 0.176820 0.000000 0.236782 0.000000 0.245381
1 0.136192 0.147554 0.169476 0.135820 0.211981 0.098771 0.242740 0.084316 0.299859 0.031285 0.135852 0.143663 0.136192 0.147554
1 0.269349 0.597622 0.290375 0.602645 0.293525 0.560217 0.273323 0.538457 0.279537 0.531052 0.268272 0.533017 0.269662 0.575048 0.269349 0.597622
1 0.341194 0.634470 0.355154 0.637170 0.357197 0.660518 0.368972 0.664389 0.368263 0.630141 0.381202 0.621167 0.356942 0.579176 0.341846 0.615787 0.341194 0.634470
1 0.265208 0.497995 0.276643 0.497975 0.290915 0.478101 0.282915 0.386653 0.263876 0.352048 0.253803 0.367634 0.271678 0.415084 0.261661 0.483601 0.265208 0.497995
1 0.252895 0.304974 0.269551 0.312340 0.275879 0.253949 0.258883 0.242692 0.267651 0.264472 0.253208 0.282400 0.252895 0.304974
1 0.306659 0.893348 0.305950 0.859099 0.300559 0.849768 0.289124 0.849788 0.306659 0.893348
1 0.381737 0.967163 0.400550 0.946892 0.395273 0.886575 0.373226 0.869878 0.360457 0.880799 0.381737 0.967163
1 0.189592 0.235030 0.209086 0.222541 0.215783 0.194507 0.196545 0.131491 0.184940 0.129565 0.174016 0.135423 0.180002 0.229987 0.189592 0.235030
1 0.268418 0.194804 0.327749 0.167066 0.340007 0.150309 0.339156 0.140580 0.311406 0.137127 0.300113 0.112627 0.282123 0.116161 0.267114 0.075322 0.255849 0.077288 0.254401 0.139173 0.268418 0.194804
1 0.102879 0.289670 0.139511 0.263919 0.035801 0.307302 0.102879 0.289670
1 0.769025 0.818586 0.809402 0.835639 0.832073 0.807188 0.820100 0.774905 0.837578 0.765534 0.821575 0.739486 0.843424 0.727771 0.823222 0.706012 0.808184 0.638707 0.796068 0.630944 0.776574 0.643433 0.778162 0.713875 0.811644 0.730552 0.788774 0.730592 0.792519 0.773397 0.770529 0.809631 0.769025 0.818586
