0 1.000000 0.649414 0.976562 0.644857 0.977539 0.633464 0.993164 0.624349 0.971680 0.619792 0.967773 0.647135 0.930664 0.651693 0.875977 0.633464 0.834961 0.651693 0.827148 0.638021 0.805664 0.638021 0.791992 0.656250 0.768555 0.660807 0.758789 0.619792 0.743164 0.615234 0.709961 0.651693 0.627930 0.674479 0.547852 0.656250 0.499023 0.669922 0.471680 0.628906 0.470703 0.603841 0.487305 0.565104 0.551758 0.546875 0.637695 0.542318 0.717773 0.555990 0.723633 0.578776 0.737305 0.569661 0.742188 0.576497 0.737305 0.592448 0.750977 0.592448 0.756836 0.606120 0.763672 0.603841 0.763672 0.585612 0.747070 0.583333 0.747070 0.574219 0.840820 0.574219 0.999023 0.551432 1.000000 0.170898 0.971680 0.154948 0.958008 0.104818 0.893555 0.077474 0.846680 0.091146 0.847656 0.043294 0.829102 0.022786 0.772461 0.045573 0.733398 0.036458 0.659180 0.054688 0.640625 0.097982 0.637695 0.123047 0.618164 0.141276 0.609375 0.166341 0.611328 0.193685 0.620117 0.214193 0.640625 0.225586 0.638672 0.271159 0.598633 0.287109 0.575195 0.319010 0.555664 0.328125 0.556641 0.275716 0.549805 0.255208 0.537109 0.248372 0.537109 0.189128 0.546875 0.152669 0.581055 0.086589 0.600586 0.077474 0.627930 0.036458 0.653320 0.045573 0.664062 0.029622 0.665039 0.013672 0.506836 0.000000 0.498047 0.025065 0.497070 0.109375 0.495117 0.072917 0.490234 0.102539 0.486328 0.011393 0.481445 0.000000 0.000000 0.011393 0.001953 0.143555 0.034180 0.223307 0.080078 0.284831 0.075195 0.319010 0.034180 0.341797 0.019531 0.371419 0.017578 0.403320 0.023438 0.430664 0.045898 0.473958 0.075195 0.510417 0.106445 0.528646 0.111328 0.549154 0.106445 0.583333 0.088867 0.583333 0.051758 0.651693 0.004883 0.679036 0.016602 0.724609 0.059570 0.738281 0.075195 0.756510 0.112305 0.751953 0.145508 0.770182 0.198242 0.770182 0.274414 0.802083 0.372070 0.792969 0.416992 0.806641 0.762695 0.802083 0.769531 0.808919 0.764648 0.838542 0.688477 0.843099 0.647461 0.875000 0.612305 0.879557 0.610352 0.902344 0.620117 0.884115 0.627930 0.902344 0.638672 0.904622 0.625000 0.918294 0.624023 0.984375 0.611328 0.982096 0.617188 0.972982 0.616211 0.938802 0.610352 0.934245 0.604492 0.947917 0.597656 0.936523 0.615234 0.927409 0.608398 0.906901 0.596680 0.916016 0.588867 0.943359 0.583008 0.929688 0.551758 0.929688 0.538086 0.906901 0.516602 0.911458 0.501953 0.936523 0.547852 0.984375 0.633789 0.988932 0.657227 0.938802 0.672852 0.938802 0.677734 0.931966 0.674805 0.920573 0.698242 0.916016 0.716797 0.927409 0.703125 0.945638 0.702148 0.988932 0.863281 0.991211 0.845703 0.977539 0.852539 0.952474 0.857422 0.972982 0.861328 0.927409 0.868164 0.916016 0.874023 0.988932 0.915039 0.988932 1.000000 0.872721 1.000000 0.649414
1 0.207031 0.508138 0.190430 0.483073 0.161133 0.483073 0.142578 0.503581 0.207031 0.508138
1 0.318359 0.736003 0.341797 0.722331 0.303711 0.706380 0.248047 0.722331 0.318359 0.736003
1 0.214844 0.494466 0.227539 0.510417 0.287109 0.508138 0.288086 0.496745 0.272461 0.483073 0.239258 0.469401 0.214844 0.494466
1 0.318359 0.385091 0.327148 0.401042 0.414062 0.398763 0.421875 0.380534 0.416992 0.369141 0.318359 0.366862 0.318359 0.385091
1 0.305664 0.209635 0.254883 0.182292 0.244141 0.189128 0.247070 0.205078 0.239258 0.195964 0.215820 0.205078 0.211914 0.186849 0.208984 0.207357 0.211914 0.218750 0.239258 0.214193 0.247070 0.227865 0.264648 0.218750 0.268555 0.232422 0.300781 0.234701 0.334961 0.232422 0.343750 0.221029 0.333008 0.205078 0.305664 0.209635
1 0.317383 0.492188 0.338867 0.501302 0.343750 0.485352 0.317383 0.478516 0.294922 0.416992 0.294922 0.398763 0.278320 0.382812 0.271484 0.398763 0.273438 0.421549 0.304688 0.544596 0.281250 0.581055 0.288086 0.592448 0.295898 0.578776 0.309570 0.592448 0.315430 0.578776 0.324219 0.622070 0.263672 0.653971 0.293945 0.656250 0.303711 0.674479 0.331055 0.647135 0.359375 0.754232 0.369141 0.763346 0.333984 0.585612 0.333984 0.562826 0.314453 0.503581 0.317383 0.492188
1 0.814453 0.476237 0.763672 0.485352 0.798828 0.494466 0.814453 0.476237
1 0.722656 0.512695 0.734375 0.517253 0.749023 0.423828 0.736328 0.435221 0.724609 0.489909 0.722656 0.512695
1 0.828125 0.471680 0.829102 0.483073 0.865234 0.485352 0.874023 0.483073 0.876953 0.467122 0.858398 0.442057 0.828125 0.471680
1 0.794922 0.211914 0.865234 0.221029 0.892578 0.211914 0.883789 0.182292 0.811523 0.182292 0.794922 0.211914
1 0.940430 0.478516 1.000000 0.467122 0.999023 0.401042 0.954102 0.405599 0.953125 0.426107 0.958008 0.432943 0.931641 0.435221 0.949219 0.407878 0.958008 0.369141 1.000000 0.362305 0.999023 0.227865 0.993164 0.246094 0.973633 0.264323 0.940430 0.346354 0.915039 0.341797 0.911133 0.319010 0.897461 0.319010 0.892578 0.325846 0.893555 0.346354 0.848633 0.346354 0.817383 0.369141 0.793945 0.350911 0.735352 0.346354 0.641602 0.360026 0.623047 0.375977 0.627930 0.391927 0.684570 0.378255 0.696289 0.391927 0.719727 0.387370 0.721680 0.401042 0.737305 0.382812 0.764648 0.378255 0.815430 0.405599 0.834961 0.369141 0.887695 0.382812 0.932617 0.364583 0.931641 0.380534 0.894531 0.471680 0.890625 0.499023 0.875000 0.512695 0.877930 0.533203 0.890625 0.530924 0.926758 0.446615 0.931641 0.448893 0.929688 0.471680 0.940430 0.478516
1 0.508789 0.674479 0.507812 0.777018 0.515625 0.781576 0.508789 0.674479
1 0.501953 0.047852 0.500000 0.002279 0.489258 0.000000 0.486328 0.070638 0.496094 0.257487 0.496094 0.462565 0.500000 0.526367 0.507812 0.535482 0.509766 0.439779 0.501953 0.348633 0.505859 0.312174 0.501953 0.047852
1 0.677734 0.745117 0.675781 0.790690 0.679688 0.790690 0.697266 0.713216 0.704102 0.651693 0.695312 0.663086 0.677734 0.745117
1 0.783203 0.786133 0.787109 0.790690 0.835938 0.667643 0.838867 0.642578 0.804688 0.717773 0.783203 0.786133
1 0.194336 0.761068 0.199219 0.758789 0.186523 0.715495 0.113281 0.581055 0.166992 0.706380 0.194336 0.761068
1 0.387695 0.364583 0.314453 0.385091 0.325195 0.396484 0.416016 0.394206 0.421875 0.380534 0.416992 0.369141 0.391602 0.373698 0.387695 0.364583
1 0.116211 0.396484 0.145508 0.387370 0.160156 0.398763 0.234375 0.385091 0.172852 0.369141 0.066406 0.380534 0.116211 0.396484
1 0.362305 0.000000 0.336914 0.018229 0.223633 0.009115 0.058594 0.034180 0.061523 0.045573 0.127930 0.045573 0.133789 0.054688 0.147461 0.045573 0.300781 0.052409 0.409180 0.036458 0.463867 0.050130 0.472656 0.029622 0.450195 0.000000 0.362305 0.000000
1 0.794922 0.995768 0.857422 0.877279 0.848633 0.875000 0.787109 0.995768 0.794922 0.995768
1 0.891602 0.797526 0.882812 0.831706 0.886719 0.831706 0.984375 0.658529 0.936523 0.720052 0.924805 0.751953 0.891602 0.797526
1 0.458008 0.710938 0.416016 0.717773 0.422852 0.738281 0.445312 0.736003 0.487305 0.733724 0.488281 0.722331 0.481445 0.729167 0.458008 0.710938
1 0.347656 0.644857 0.352539 0.656250 0.375977 0.656250 0.379883 0.669922 0.398438 0.667643 0.433594 0.649414 0.389648 0.628906 0.381836 0.642578 0.347656 0.644857
1 0.631836 0.706380 0.540039 0.706380 0.521484 0.722331 0.522461 0.733724 0.537109 0.736003 0.604492 0.720052 0.653320 0.733724 0.667969 0.722331 0.631836 0.706380
1 0.707031 0.713216 0.715820 0.729167 0.738281 0.726888 0.754883 0.710938 0.777344 0.717773 0.764648 0.701823 0.707031 0.713216
1 0.169922 0.740560 0.168945 0.729167 0.159180 0.724609 0.125000 0.726888 0.169922 0.740560
1 0.044922 0.658529 0.132812 0.672201 0.142578 0.658529 0.124023 0.638021 0.063477 0.638021 0.044922 0.658529
1 0.829102 0.756510 0.801758 0.765625 0.791016 0.786133 0.796875 0.795247 0.891602 0.792969 0.896484 0.781576 0.893555 0.770182 0.829102 0.756510
1 0.903320 0.665365 0.877930 0.656250 0.872070 0.628906 0.862305 0.628906 0.846680 0.642578 0.824219 0.704102 0.880859 0.713216 0.942383 0.706380 0.943359 0.694987 0.901367 0.683594 0.903320 0.665365
1 0.766602 0.838542 0.744141 0.877279 0.732422 0.945638 0.766602 0.838542
1 0.262695 0.241536 0.333008 0.236979 0.343750 0.216471 0.334961 0.205078 0.266602 0.195964 0.243164 0.177734 0.233398 0.200521 0.206055 0.186849 0.198242 0.205078 0.165039 0.195964 0.138672 0.221029 0.159180 0.259766 0.167969 0.257487 0.202148 0.232422 0.245117 0.232422 0.243164 0.209635 0.262695 0.241536
