1 0.625000 0.401367 0.626953 0.375977 0.638672 0.381836 0.640625 0.358398 0.637695 0.169922 0.628906 0.188477 0.632812 0.291992 0.626953 0.311523 0.632812 0.315430 0.626953 0.317383 0.632812 0.323242 0.623047 0.327148 0.630859 0.331055 0.623047 0.333008 0.628906 0.338867 0.623047 0.340820 0.619141 0.393555 0.625000 0.430664 0.638672 0.428711 0.637695 0.386719 0.627930 0.410156 0.625000 0.401367
1 0.614258 0.052734 0.593750 0.069336 0.585938 0.106445 0.602539 0.138672 0.616211 0.142578 0.622070 0.156250 0.629883 0.138672 0.632812 0.155273 0.638672 0.155273 0.638672 0.088867 0.629883 0.105469 0.625000 0.055664 0.614258 0.052734
1 0.000000 0.452148 0.031250 0.495117 0.077148 0.535156 0.114258 0.556641 0.151367 0.562500 0.158203 0.532227 0.167969 0.530273 0.171875 0.485352 0.202148 0.484375 0.208984 0.553711 0.218750 0.577148 0.228516 0.581055 0.225586 0.615234 0.348633 0.673828 0.415039 0.695312 0.450195 0.726562 0.590820 0.814453 0.651367 0.843750 0.701172 0.856445 0.716797 0.842773 0.734375 0.676758 0.723633 0.673828 0.713867 0.685547 0.687500 0.682617 0.708008 0.679688 0.725586 0.660156 0.750000 0.655273 0.779297 0.559570 0.781250 0.518555 0.798828 0.499023 0.797852 0.484375 0.769531 0.471680 0.779297 0.467773 0.787109 0.450195 0.768555 0.427734 0.731445 0.423828 0.713867 0.431641 0.706055 0.425781 0.688477 0.437500 0.685547 0.426758 0.674805 0.423828 0.671875 0.438477 0.657227 0.439453 0.653320 0.453125 0.637695 0.437500 0.625977 0.441406 0.622070 0.435547 0.621094 0.444336 0.610352 0.449219 0.133789 0.330078 0.000000 0.303711 0.000000 0.452148
1 0.787109 0.612305 0.792969 0.622070 0.784180 0.623047 0.778320 0.611328 0.771484 0.653320 0.786133 0.669922 0.802734 0.672852 0.828125 0.649414 0.826172 0.616211 0.795898 0.607422 0.787109 0.612305
1 0.840820 0.517578 0.807617 0.503906 0.785156 0.518555 0.783203 0.553711 0.801758 0.572266 0.812500 0.573242 0.813477 0.564453 0.835938 0.557617 0.843750 0.532227 0.840820 0.517578
1 0.951172 0.434570 0.934570 0.419922 0.901367 0.423828 0.888672 0.446289 0.894531 0.481445 0.921875 0.485352 0.936523 0.484375 0.937500 0.471680 0.953125 0.461914 0.951172 0.434570
1 0.809570 0.404297 0.794922 0.426758 0.804688 0.465820 0.826172 0.469727 0.857422 0.450195 0.857422 0.424805 0.831055 0.390625 0.809570 0.404297
1 0.933594 0.575195 0.931641 0.549805 0.911133 0.529297 0.881836 0.533203 0.865234 0.557617 0.865234 0.573242 0.876953 0.592773 0.898438 0.606445 0.909180 0.593750 0.920898 0.593750 0.921875 0.581055 0.933594 0.575195
1 0.852539 0.285156 0.829102 0.289062 0.804688 0.309570 0.808594 0.342773 0.825195 0.361328 0.835938 0.360352 0.852539 0.357422 0.871094 0.327148 0.867188 0.299805 0.852539 0.285156
1 0.936523 0.296875 0.908203 0.321289 0.906250 0.348633 0.926758 0.373047 0.947266 0.374023 0.968750 0.354492 0.970703 0.315430 0.959961 0.298828 0.936523 0.296875
1 0.921875 0.657227 0.897461 0.626953 0.881836 0.625000 0.863281 0.641602 0.851562 0.670898 0.868164 0.703125 0.888672 0.706055 0.905273 0.703125 0.908203 0.690430 0.921875 0.684570 0.921875 0.657227
1 1.000000 0.799805 0.993164 0.798828 0.939453 0.856445 0.954102 0.859375 0.956055 0.851562 0.966797 0.862305 0.957031 0.891602 0.967773 0.904297 0.971680 0.886719 0.972656 0.909180 0.985352 0.919922 0.991211 0.906250 0.986328 0.922852 1.000000 0.934570 1.000000 0.799805
