1 0.410150 0.367894 0.419117 0.315781 0.413904 0.312468 0.421007 0.308200 0.413899 0.304415 0.422425 0.302515 0.413894 0.296362 0.420997 0.292095 0.415784 0.288782 0.422415 0.286409 0.421454 0.266041 0.450287 0.166545 0.446248 0.146415 0.397809 0.328584 0.394034 0.351798 0.406822 0.348948 0.402574 0.374057 0.397606 0.381876 0.393800 0.356772 0.382694 0.397281 0.395487 0.402483 0.410150 0.367894
1 0.454530 0.133383 0.461388 0.117983 0.464716 0.136929 0.473709 0.125081 0.487920 0.124598 0.511825 0.097345 0.513222 0.059448 0.497339 0.038379 0.486208 0.038623 0.469421 0.085767 0.464909 0.067532 0.448844 0.131966 0.454530 0.133383
1 1.000000 0.428877 0.896441 0.423720 0.405211 0.424031 0.395970 0.416694 0.397148 0.407930 0.391941 0.412670 0.381515 0.406045 0.362574 0.417426 0.362091 0.403215 0.348114 0.398724 0.348815 0.383802 0.337684 0.384046 0.332242 0.393760 0.318021 0.378137 0.309023 0.381932 0.293857 0.370099 0.256905 0.364912 0.233468 0.382217 0.236796 0.401163 0.245326 0.407315 0.214776 0.412782 0.210285 0.426759 0.222616 0.449963 0.214588 0.490233 0.219862 0.590181 0.242370 0.600825 0.254701 0.624028 0.273890 0.631832 0.247598 0.628296 0.240957 0.614563 0.229825 0.614807 0.206719 0.780144 0.218572 0.797189 0.269968 0.796920 0.335804 0.783141 0.493515 0.731881 0.535187 0.710065 0.604818 0.705284 0.738385 0.678198 0.743811 0.644325 0.754232 0.642897 0.769377 0.622519 0.792784 0.556896 0.821922 0.565167 0.814845 0.609700 0.823848 0.613957 0.823157 0.644985 0.860581 0.648278 0.901786 0.636409 0.956007 0.608663 0.996724 0.574531 1.000000 0.561392 1.000000 0.428877
1 0.181259 0.595653 0.199488 0.583088 0.203014 0.540689 0.194494 0.550643 0.186202 0.547569 0.194250 0.539511 0.186903 0.532647 0.155403 0.533851 0.145475 0.565595 0.164442 0.594479 0.181259 0.595653
1 0.189723 0.497117 0.212215 0.483602 0.218825 0.449018 0.200575 0.429371 0.165051 0.434604 0.158665 0.448109 0.160102 0.474635 0.180242 0.486702 0.179064 0.495466 0.189723 0.497117
1 0.121677 0.386551 0.135867 0.353856 0.128983 0.328991 0.097711 0.317168 0.078059 0.327365 0.069549 0.353425 0.082347 0.366680 0.080223 0.379235 0.094200 0.383726 0.121677 0.386551
1 0.212632 0.393125 0.231557 0.357585 0.222778 0.332248 0.205239 0.313785 0.171386 0.340570 0.165244 0.365207 0.190841 0.391718 0.212632 0.393125
1 0.111800 0.498824 0.127896 0.482708 0.131676 0.467548 0.121474 0.439842 0.093992 0.428965 0.069132 0.443902 0.061094 0.468066 0.071048 0.476586 0.068924 0.489141 0.080295 0.491976 0.087646 0.506893 0.111800 0.498824
1 0.218012 0.286775 0.238609 0.272788 0.250432 0.241516 0.231705 0.215711 0.209908 0.206251 0.192151 0.216921 0.181746 0.242507 0.192426 0.276370 0.207825 0.283229 0.218012 0.286775
1 0.116631 0.273576 0.142436 0.254848 0.147156 0.227844 0.125584 0.197304 0.102370 0.193529 0.087930 0.207039 0.080375 0.245414 0.096497 0.269562 0.116631 0.273576
1 0.093632 0.608024 0.117536 0.580771 0.113253 0.549510 0.099266 0.528912 0.083633 0.527028 0.052620 0.550495 0.046005 0.577027 0.057853 0.586020 0.057625 0.599047 0.073024 0.605906 0.093632 0.608024
