1 0.584140 0.364185 0.635395 0.351181 0.636301 0.345072 0.643088 0.349825 0.643655 0.341792 0.648859 0.348807 0.651010 0.338512 0.657798 0.343264 0.658704 0.337155 0.663568 0.342247 0.681785 0.333085 0.784406 0.318957 0.801153 0.307079 0.615031 0.336923 0.592289 0.342916 0.600094 0.353439 0.575428 0.359772 0.566264 0.358413 0.587650 0.344726 0.546126 0.351056 0.546577 0.364859 0.584140 0.364185
1 0.816427 0.309344 0.833285 0.309346 0.817330 0.320093 0.831812 0.323489 0.838033 0.336275 0.872653 0.347028 0.907842 0.332890 0.920630 0.309811 0.915879 0.299741 0.865984 0.303581 0.880807 0.292042 0.815409 0.303574 0.816427 0.309344
1 0.530847 0.382507 0.533791 0.371080 0.542277 0.368592 0.535828 0.365763 0.537640 0.353544 0.519539 0.340869 0.532325 0.334648 0.530743 0.320053 0.544660 0.314624 0.539910 0.304554 0.528822 0.303534 0.537310 0.284188 0.530183 0.277511 0.534825 0.258844 0.524534 0.222976 0.499192 0.208604 0.483238 0.219350 0.481086 0.229646 0.463666 0.203960 0.449071 0.205542 0.432889 0.226245 0.392835 0.235291 0.303673 0.280761 0.303104 0.305652 0.286922 0.326355 0.287598 0.347060 0.280134 0.321602 0.289979 0.309950 0.285229 0.299879 0.124788 0.346019 0.114037 0.363780 0.135188 0.410624 0.174553 0.465164 0.285528 0.588390 0.322408 0.617586 0.355097 0.679253 0.434168 0.790255 0.467319 0.781435 0.472862 0.790374 0.497639 0.795921 0.567109 0.790613 0.571404 0.820596 0.527843 0.832244 0.527615 0.842200 0.498989 0.854189 0.511203 0.889717 0.538805 0.922532 0.586206 0.960781 0.633949 0.984095 0.780131 0.958319 0.730932 0.831141 0.530847 0.382507
1 0.282973 0.247721 0.301866 0.259264 0.342033 0.245240 0.329475 0.241505 0.328911 0.232679 0.339545 0.236754 0.342828 0.227251 0.328915 0.198963 0.295878 0.202805 0.277205 0.231880 0.282973 0.247721
1 0.376433 0.215375 0.397927 0.230426 0.432210 0.222398 0.442736 0.197735 0.423506 0.167410 0.408571 0.167068 0.384923 0.179171 0.382091 0.202478 0.373605 0.204966 0.376433 0.215375
1 0.449763 0.108241 0.485403 0.107906 0.505318 0.091503 0.503399 0.058126 0.486090 0.044321 0.458823 0.047145 0.451919 0.064229 0.439586 0.067395 0.441168 0.081991 0.449763 0.108241
1 0.480752 0.194006 0.520917 0.196840 0.540493 0.178514 0.550226 0.154982 0.511987 0.134951 0.486982 0.139360 0.473174 0.173526 0.480752 0.194006
1 0.343179 0.144884 0.364448 0.153033 0.379836 0.150319 0.400996 0.129731 0.399756 0.100201 0.375998 0.083565 0.350654 0.086051 0.346919 0.098609 0.334586 0.101775 0.336621 0.113316 0.325984 0.126100 0.343179 0.144884
1 0.580096 0.155665 0.601251 0.168792 0.634628 0.166874 0.650585 0.139269 0.650362 0.115510 0.633392 0.103627 0.605786 0.104529 0.579194 0.128058 0.579192 0.144916 0.580096 0.155665
1 0.550919 0.057680 0.578523 0.073637 0.605112 0.066966 0.624238 0.034836 0.618244 0.012094 0.600030 0.004398 0.561900 0.013104 0.546396 0.037654 0.550919 0.057680
1 0.236030 0.172701 0.270650 0.183455 0.297467 0.166827 0.310594 0.145671 0.305957 0.130623 0.271904 0.111836 0.244976 0.116585 0.241580 0.131066 0.229586 0.136156 0.229584 0.153014 0.236030 0.172701
1 0.000000 0.094052 0.014624 0.086796 0.002177 0.094941 0.014961 0.105578 0.037250 0.102639 0.020617 0.109539 0.034985 0.117913 0.062141 0.103208 0.074585 0.111922 0.067231 0.115202 0.072660 0.129119 0.120075 0.066219 0.117926 0.059657 0.000000 0.080450 0.000000 0.094052
