0 0.221680 0.117279 0.210938 0.130473 0.218750 0.159793 0.245117 0.187647 0.270508 0.190579 0.293945 0.167123 0.329102 0.205239 0.351562 0.209637 0.345703 0.156861 0.338867 0.149531 0.235352 0.117279 0.221680 0.117279
0 0.444336 0.067436 0.445312 0.130473 0.473633 0.149531 0.487305 0.175919 0.507812 0.177385 0.525391 0.153929 0.525391 0.118745 0.493164 0.082096 0.444336 0.067436
0 0.689453 0.711006 0.738281 0.646503 0.728516 0.511631 0.704102 0.495506 0.693359 0.461788 0.668945 0.436866 0.641602 0.439798 0.557617 0.413410 0.479492 0.445662 0.440430 0.451526 0.437500 0.593727 0.451172 0.617183 0.453125 0.661163 0.500977 0.700744 0.516602 0.724200 0.530273 0.727132 0.551758 0.800432 0.625977 0.826820 0.650391 0.825354 0.686523 0.800432 0.707031 0.769646 0.689453 0.725666 0.689453 0.711006
0 0.673828 0.329848 0.687500 0.294665 0.703125 0.277073 0.702148 0.260947 0.584961 0.214035 0.566406 0.218433 0.566406 0.256549 0.561523 0.263879 0.483398 0.243355 0.472656 0.247753 0.476562 0.280005 0.499023 0.284403 0.516602 0.325450 0.530273 0.328382 0.536133 0.316654 0.536133 0.325450 0.548828 0.332780 0.543945 0.413410 0.650391 0.435400 0.660156 0.429536 0.652344 0.403148 0.675781 0.394352 0.673828 0.329848
0 0.763672 0.221365 0.767578 0.256549 0.774414 0.263879 0.851562 0.285869 0.865234 0.259481 0.862305 0.243355 0.774414 0.211103 0.763672 0.221365
1 0.583008 0.653833 0.580078 0.711006 0.585938 0.713938 0.583008 0.653833
1 0.613281 0.602523 0.603516 0.555611 0.592773 0.551213 0.597656 0.587863 0.613281 0.602523
1 0.656250 0.740326 0.586914 0.721268 0.519531 0.716870 0.588867 0.738860 0.656250 0.740326
1 0.602539 0.477914 0.585938 0.470584 0.590820 0.480846 0.616211 0.489642 0.705078 0.496972 0.698242 0.483778 0.612305 0.480846 0.606445 0.460322 0.602539 0.477914
1 0.718750 0.649435 0.608398 0.624513 0.500000 0.614251 0.598633 0.636241 0.718750 0.649435
1 0.668945 0.448594 0.651367 0.439798 0.559570 0.413410 0.546875 0.420740 0.631836 0.460322 0.635742 0.451526 0.640625 0.455924 0.639648 0.445662 0.661133 0.451526 0.651367 0.463254 0.644531 0.458856 0.649414 0.472050 0.657227 0.463254 0.685547 0.470584 0.684570 0.457390 0.672852 0.463254 0.664062 0.455924 0.668945 0.448594
1 0.249023 0.123143 0.233398 0.123143 0.214844 0.139269 0.218750 0.156861 0.241211 0.184715 0.268555 0.190579 0.295898 0.167123 0.323242 0.199375 0.349609 0.209637 0.342773 0.152463 0.297852 0.137803 0.282227 0.140735 0.249023 0.123143
1 0.475586 0.096756 0.461914 0.076232 0.444336 0.070368 0.449219 0.124609 0.489258 0.170055 0.505859 0.174453 0.525391 0.150997 0.525391 0.121677 0.516602 0.108483 0.475586 0.096756
1 0.569336 0.258015 0.583008 0.252151 0.693359 0.285869 0.724609 0.277073 0.717773 0.260947 0.568359 0.215501 0.569336 0.258015
1 0.556641 0.268277 0.475586 0.243355 0.474609 0.280005 0.500977 0.287335 0.505859 0.326916 0.516602 0.325450 0.519531 0.338644 0.525391 0.338644 0.538086 0.316654 0.547852 0.322518 0.560547 0.306392 0.556641 0.268277
1 0.763672 0.224297 0.767578 0.256549 0.776367 0.263879 0.851562 0.285869 0.865234 0.259481 0.862305 0.243355 0.770508 0.211103 0.763672 0.224297
