0 0.228263 0.294453 0.194716 0.254914 0.220853 0.234509 0.221038 0.208951 0.196605 0.179386 0.168456 0.168058 0.154051 0.177112 0.152385 0.190682 0.171781 0.297357 0.178223 0.305035 0.229891 0.317283 0.228263 0.294453
0 0.179882 0.447904 0.155357 0.431118 0.139892 0.400686 0.077444 0.392035 0.086044 0.442285 0.118493 0.478738 0.153414 0.483026 0.178838 0.468437 0.179882 0.447904
0 0.809031 0.664867 0.791885 0.587985 0.721750 0.557728 0.720506 0.543801 0.699129 0.525434 0.665674 0.473115 0.622260 0.465817 0.600645 0.449388 0.459147 0.434966 0.448566 0.473023 0.407034 0.546635 0.422990 0.633209 0.416747 0.659992 0.438508 0.687261 0.470665 0.702032 0.483696 0.728230 0.616372 0.754359 0.686345 0.713756 0.700896 0.715543 0.742405 0.738350 0.775461 0.721747 0.804601 0.688920 0.809031 0.664867
0 0.408700 0.533065 0.328076 0.528085 0.322348 0.514591 0.313618 0.513519 0.325972 0.509133 0.324728 0.495206 0.286129 0.472756 0.284501 0.449927 0.252965 0.442119 0.247291 0.452245 0.258141 0.532289 0.250270 0.536242 0.212439 0.531597 0.205812 0.549477 0.238093 0.671508 0.253980 0.674443 0.273345 0.661078 0.309932 0.651796 0.373717 0.661596 0.385304 0.639405 0.410543 0.650375 0.417553 0.641397 0.408700 0.533065
0 0.232196 0.743593 0.225754 0.735914 0.191308 0.727749 0.179814 0.737161 0.201114 0.828327 0.216763 0.833200 0.244620 0.822846 0.232196 0.743593
1 0.699675 0.605196 0.642570 0.601137 0.701871 0.611369 0.699675 0.605196
1 0.575307 0.607636 0.539525 0.598323 0.542581 0.609521 0.587953 0.624931 0.575307 0.607636
1 0.726250 0.617315 0.712874 0.545816 0.709027 0.613232 0.719493 0.684374 0.726250 0.617315
1 0.475556 0.614082 0.469920 0.587809 0.460330 0.581712 0.465582 0.599083 0.447645 0.600816 0.467302 0.609133 0.459739 0.694788 0.472001 0.703180 0.475556 0.614082
1 0.623205 0.614501 0.613399 0.513924 0.610374 0.622765 0.621662 0.735331 0.623205 0.614501
1 0.444366 0.651576 0.454049 0.644894 0.441548 0.638440 0.445081 0.645761 0.432250 0.654024 0.429048 0.631985 0.439114 0.634205 0.435344 0.628823 0.444551 0.626018 0.415618 0.536866 0.406796 0.548574 0.421800 0.642902 0.428388 0.661421 0.436258 0.657468 0.442462 0.667085 0.435214 0.678002 0.448190 0.680579 0.444366 0.651576
1 0.223157 0.287923 0.194478 0.256852 0.221092 0.232571 0.218604 0.204716 0.193695 0.179028 0.176710 0.173007 0.158443 0.189458 0.156539 0.204967 0.169953 0.240066 0.165139 0.255218 0.174215 0.301591 0.230129 0.315344 0.223157 0.287923
1 0.173824 0.449128 0.133596 0.403849 0.080354 0.392392 0.084032 0.410554 0.102737 0.426625 0.109379 0.468764 0.121403 0.479095 0.150504 0.482669 0.176166 0.466142 0.173824 0.449128
1 0.243882 0.552184 0.251369 0.539329 0.209291 0.533178 0.236189 0.687017 0.251361 0.695767 0.263900 0.665822 0.243882 0.552184
1 0.337467 0.499721 0.324728 0.495206 0.327492 0.484722 0.288801 0.475052 0.284739 0.447988 0.248243 0.444491 0.263101 0.527978 0.300457 0.536501 0.318010 0.525865 0.313380 0.515458 0.336753 0.505537 0.337467 0.499721
1 0.231958 0.745531 0.225754 0.735914 0.194218 0.728107 0.180290 0.733284 0.201114 0.828327 0.216763 0.833200 0.244620 0.822846 0.231958 0.745531
