0 0.224717 0.299227 0.190485 0.260279 0.216263 0.239422 0.216001 0.213864 0.191056 0.184729 0.162713 0.173895 0.148468 0.183199 0.147039 0.196796 0.168294 0.303116 0.174869 0.310681 0.226744 0.322024 0.224717 0.299227
0 0.179021 0.453499 0.154207 0.437143 0.138214 0.406986 0.075624 0.399426 0.085099 0.449519 0.118180 0.485400 0.153171 0.489077 0.178336 0.474047 0.179021 0.453499
0 0.811861 0.659448 0.793376 0.582878 0.722724 0.553849 0.721237 0.539946 0.699543 0.521955 0.665180 0.470228 0.621645 0.463688 0.599747 0.447640 0.458018 0.435689 0.448103 0.473925 0.407862 0.548250 0.425326 0.634533 0.419552 0.661420 0.441785 0.688306 0.474196 0.702514 0.487681 0.728480 0.620793 0.752290 0.690047 0.710471 0.704627 0.712004 0.746528 0.734083 0.779289 0.716905 0.807851 0.683576 0.811861 0.659448
0 0.409291 0.534653 0.328592 0.531081 0.322630 0.517689 0.313882 0.516770 0.326158 0.512169 0.324671 0.498265 0.285686 0.476493 0.283660 0.453695 0.251993 0.446439 0.246496 0.456663 0.258741 0.536505 0.250941 0.540595 0.213034 0.536611 0.206721 0.554604 0.241126 0.676053 0.257061 0.678710 0.276190 0.665009 0.312610 0.655090 0.376557 0.663775 0.387754 0.641385 0.413181 0.651913 0.420034 0.642814 0.409291 0.534653
0 0.236488 0.748229 0.229913 0.740665 0.195330 0.733102 0.184001 0.742713 0.206890 0.833493 0.222621 0.838092 0.250293 0.827254 0.236488 0.748229
1 0.701480 0.601696 0.644313 0.598633 0.703784 0.607829 0.701480 0.601696
1 0.577174 0.606305 0.541235 0.597618 0.544486 0.608762 0.590120 0.623377 0.577174 0.606305
1 0.728263 0.613348 0.713641 0.542093 0.710971 0.609567 0.722677 0.680515 0.728263 0.613348
1 0.477551 0.614492 0.471457 0.588321 0.461762 0.582392 0.467316 0.599669 0.449412 0.601715 0.469211 0.609687 0.463144 0.695460 0.475552 0.703638 0.477551 0.614492
1 0.625185 0.612334 0.613625 0.511942 0.612500 0.620820 0.625751 0.733172 0.625185 0.612334
1 0.447020 0.652524 0.456585 0.645674 0.443973 0.639439 0.447633 0.646697 0.434948 0.655183 0.431362 0.633204 0.441466 0.635247 0.437602 0.629932 0.446758 0.626966 0.416274 0.538333 0.407657 0.550193 0.424305 0.644245 0.431216 0.662646 0.439016 0.658557 0.445387 0.668064 0.438330 0.679105 0.451350 0.681456 0.447020 0.652524
1 0.219498 0.292787 0.190281 0.262221 0.216467 0.237479 0.213493 0.209672 0.188140 0.184423 0.171052 0.178699 0.153075 0.195467 0.151442 0.211006 0.165467 0.245866 0.160918 0.261099 0.170802 0.307307 0.226948 0.320082 0.219498 0.292787
1 0.172985 0.454828 0.131974 0.410258 0.078540 0.399732 0.082534 0.417827 0.101516 0.433569 0.108893 0.475586 0.121096 0.485706 0.150255 0.488771 0.175624 0.471798 0.172985 0.454828
1 0.244832 0.556646 0.252093 0.543662 0.209914 0.538247 0.239493 0.691593 0.254816 0.700077 0.266830 0.669917 0.244832 0.556646
1 0.337487 0.502558 0.324671 0.498265 0.327252 0.487735 0.288397 0.478742 0.283864 0.451753 0.247313 0.448893 0.263626 0.532109 0.301124 0.539978 0.318489 0.529038 0.313678 0.518712 0.336874 0.508385 0.337487 0.502558
1 0.236284 0.750172 0.229913 0.740665 0.198246 0.733409 0.184410 0.738828 0.206890 0.833493 0.222621 0.838092 0.250293 0.827254 0.236284 0.750172
