0 0.000000 0.380784 0.065928 0.463474 0.080616 0.490303 0.138012 0.675783 0.151888 0.698791 0.158791 0.731268 0.155856 0.773824 0.163885 0.867962 0.171218 0.888368 0.194932 0.901298 0.202648 0.937597 0.320964 0.909453 0.330373 0.911446 0.334886 0.904496 0.397931 0.891096 0.406098 0.901340 0.476093 0.892453 0.595638 0.863049 0.675088 0.828191 0.752507 0.783780 0.806607 0.735341 0.851332 0.663935 0.873943 0.601223 0.880579 0.547896 0.892924 0.507334 0.890487 0.495871 0.862260 0.489891 0.840018 0.328887 0.809377 0.297462 0.797961 0.271934 0.735032 0.215423 0.693740 0.190255 0.646300 0.171386 0.620938 0.164796 0.538286 0.156406 0.490405 0.156600 0.299264 0.173267 0.244410 0.182930 0.228864 0.180244 0.184660 0.183650 0.162953 0.194254 0.143902 0.083490 0.149634 0.082272 0.153300 0.092474 0.152940 0.062600 0.128785 0.068732 0.142615 0.119705 0.137266 0.136816 0.151839 0.233557 0.148939 0.255139 0.129807 0.193313 0.000000 0.203313 0.000000 0.380784
1 0.524214 0.252247 0.552441 0.258228 0.555295 0.264610 0.572083 0.259044 0.581898 0.262948 0.601564 0.249783 0.604035 0.240272 0.615497 0.237836 0.626531 0.247471 0.640859 0.244426 0.640894 0.223452 0.646219 0.220324 0.614708 0.220033 0.547986 0.230222 0.525061 0.235095 0.523819 0.243345 0.524214 0.252247
1 0.201418 0.938856 0.303770 0.913107 0.342671 0.898848 0.397118 0.887275 0.416378 0.872199 0.357022 0.881820 0.340664 0.875314 0.292353 0.887579 0.262455 0.901921 0.206360 0.919835 0.199794 0.931215 0.201418 0.938856
1 0.171624 0.890278 0.202299 0.900730 0.307946 0.862301 0.423408 0.827775 0.478262 0.818112 0.484794 0.827706 0.481093 0.838476 0.491326 0.837299 0.508137 0.817752 0.519599 0.815315 0.531085 0.798897 0.543372 0.793290 0.543395 0.779308 0.560623 0.754680 0.584790 0.741556 0.588874 0.746678 0.605244 0.746194 0.608493 0.761477 0.592123 0.761962 0.587609 0.768911 0.570415 0.772566 0.567933 0.789068 0.547049 0.796502 0.549486 0.807965 0.571181 0.804351 0.575254 0.816465 0.591624 0.815980 0.597773 0.809681 0.596972 0.798869 0.636686 0.788431 0.642440 0.773231 0.657592 0.767015 0.654390 0.723767 0.675296 0.702351 0.690448 0.696135 0.687629 0.668780 0.663891 0.669832 0.658612 0.644996 0.680726 0.636302 0.677883 0.622929 0.654146 0.623981 0.653345 0.613169 0.630014 0.616131 0.623458 0.620520 0.629990 0.630114 0.607065 0.634987 0.604211 0.628605 0.614861 0.622347 0.609954 0.620395 0.584163 0.625877 0.584546 0.641770 0.560797 0.649813 0.569730 0.691843 0.554138 0.717122 0.555762 0.724763 0.536897 0.748741 0.539334 0.760203 0.517627 0.770808 0.517186 0.789871 0.398069 0.807203 0.246978 0.857289 0.175742 0.874427 0.168364 0.881986 0.171624 0.890278
1 0.077345 0.489002 0.085930 0.494166 0.437166 0.427495 0.489966 0.422262 0.497321 0.428686 0.524737 0.430846 0.539065 0.427800 0.546444 0.420241 0.554623 0.423495 0.543973 0.429752 0.566875 0.438861 0.588803 0.542025 0.570368 0.553931 0.546572 0.589939 0.532244 0.592984 0.517487 0.608102 0.153524 0.699442 0.154301 0.724236 0.159209 0.726188 0.537500 0.631802 0.552246 0.623676 0.554311 0.612255 0.557989 0.615467 0.573141 0.609251 0.573570 0.597179 0.549427 0.596321 0.562537 0.587544 0.565425 0.572952 0.576030 0.594660 0.586263 0.593483 0.595706 0.574503 0.592864 0.561130 0.612111 0.553045 0.613770 0.539714 0.657162 0.532487 0.657962 0.543299 0.665735 0.544642 0.664123 0.530009 0.687895 0.507984 0.700993 0.506198 0.708337 0.519613 0.720624 0.514006 0.711644 0.499941 0.720264 0.484131 0.709300 0.432549 0.714219 0.427510 0.703615 0.405803 0.695853 0.397469 0.677035 0.393482 0.675004 0.383930 0.668867 0.383237 0.669296 0.371166 0.648065 0.341734 0.658715 0.335476 0.634189 0.318725 0.635859 0.298403 0.614187 0.288034 0.601506 0.284739 0.587177 0.287784 0.576956 0.281970 0.561816 0.281195 0.554031 0.286843 0.533159 0.287286 0.516371 0.292851 0.485684 0.289390 0.479129 0.293778 0.501579 0.328942 0.523240 0.346302 0.534656 0.371830 0.528101 0.376218 0.490035 0.380316 0.388496 0.409886 0.071242 0.467336 0.077345 0.489002
1 0.543837 0.000000 0.545456 0.028088 0.555631 0.061867 0.551524 0.070727 0.486820 0.097459 0.472886 0.109407 0.480219 0.129812 0.463013 0.140458 0.478560 0.143144 0.513354 0.137745 0.664851 0.089569 0.670594 0.081360 0.663331 0.019007 0.658350 0.000000 0.543837 0.000000
1 0.156666 0.284446 0.171794 0.292213 0.172235 0.273150 0.158731 0.273025 0.157083 0.279366 0.156666 0.284446
1 0.155470 0.264733 0.166109 0.265467 0.171446 0.255347 0.141477 0.065036 0.125919 0.069341 0.155888 0.259652 0.155470 0.264733
1 0.000000 0.286871 0.014229 0.297750 0.100176 0.293458 0.225465 0.255845 0.220151 0.251983 0.151375 0.266602 0.110014 0.283380 0.075626 0.290690 0.000000 0.286817 0.000000 0.286871
1 0.049058 0.271377 0.085453 0.287602 0.095686 0.286426 0.049475 0.266297 0.049058 0.271377
1 0.152489 0.335253 0.162722 0.334076 0.162734 0.327085 0.116546 0.292974 0.108367 0.289721 0.100176 0.293458 0.152489 0.335253
1 0.182920 0.245919 0.212795 0.245559 0.240605 0.256621 0.262266 0.273981 0.286804 0.283741 0.296631 0.280654 0.243482 0.249020 0.193571 0.239662 0.180078 0.232546 0.174753 0.235675 0.182920 0.245919
1 0.351079 0.269080 0.371533 0.273718 0.371544 0.266727 0.337609 0.247982 0.291793 0.236755 0.351079 0.269080
1 0.149739 0.265951 0.140748 0.258877 0.122741 0.258711 0.149739 0.265951
1 0.173047 0.276971 0.213527 0.298318 0.238888 0.304908 0.274866 0.326213 0.260978 0.310196 0.209466 0.279214 0.184928 0.269454 0.173059 0.269980 0.173047 0.276971
