0 1.000000 0.314335 0.986628 0.316702 0.945208 0.349048 0.895173 0.373938 0.881094 0.388617 0.807410 0.434370 0.770092 0.464066 0.694628 0.497947 0.694224 0.522392 0.709684 0.562631 0.717077 0.606222 0.736507 0.664359 0.758802 0.700181 0.779035 0.690828 0.802956 0.666069 0.888261 0.622108 0.928586 0.586749 0.971105 0.576017 0.991611 0.562766 0.994336 0.523799 0.999940 0.518317 1.000000 0.515252 1.000000 0.314335
0 0.238316 0.807691 0.230250 0.811042 0.229705 0.818836 0.238607 0.878195 0.245038 0.898224 0.252559 0.902666 0.252295 0.943763 0.265425 0.961323 0.297003 0.939058 0.300146 0.931446 0.331452 0.913077 0.344441 0.913985 0.346494 0.921960 0.369597 0.908892 0.362212 0.902502 0.371373 0.902163 0.374379 0.896500 0.382037 0.898993 0.398986 0.880599 0.411158 0.893198 0.435083 0.887039 0.467892 0.865839 0.535017 0.839206 0.580674 0.802262 0.579852 0.795352 0.566999 0.792496 0.561122 0.801874 0.549500 0.800082 0.555513 0.788756 0.547443 0.773507 0.540340 0.800421 0.498911 0.795566 0.480040 0.785436 0.463491 0.760784 0.464172 0.751042 0.472374 0.745742 0.470321 0.737767 0.483855 0.730882 0.471275 0.724128 0.467305 0.706230 0.468659 0.649545 0.461138 0.645103 0.468241 0.618190 0.464135 0.602239 0.488732 0.549138 0.505137 0.538538 0.505545 0.532693 0.491048 0.516016 0.486943 0.500066 0.492411 0.496532 0.484890 0.492091 0.478323 0.474010 0.482828 0.446915 0.472155 0.412884 0.468848 0.310843 0.450936 0.305674 0.452707 0.280346 0.466105 0.275409 0.469656 0.261952 0.465960 0.240157 0.475520 0.196772 0.462394 0.197813 0.451185 0.208776 0.431089 0.216181 0.414139 0.234575 0.395137 0.244994 0.391722 0.256502 0.369577 0.274533 0.365353 0.334932 0.378070 0.339737 0.371921 0.353012 0.356061 0.355819 0.354544 0.302850 0.361515 0.296485 0.351124 0.295758 0.323647 0.315374 0.292065 0.319039 0.282087 0.331067 0.277999 0.389518 0.282923 0.393778 0.259297 0.507642 0.246617 0.651640 0.247580 0.675202 0.263449 0.709596 0.260452 0.752460 0.269344 0.774618 0.260733 0.785764 0.243507 0.789454 0.238725 0.801846 0.232162 0.802366 0.238316 0.807691
1 1.000000 0.313924 0.991960 0.315117 0.949037 0.350294 0.897771 0.374120 0.783626 0.457180 0.697226 0.498128 0.699011 0.528600 0.715015 0.561046 0.716115 0.582660 0.723499 0.589050 0.722137 0.608533 0.730621 0.636537 0.739241 0.662592 0.761808 0.694518 0.761123 0.685659 0.775615 0.683736 0.779989 0.677189 0.762076 0.672021 0.792292 0.669239 0.796529 0.664641 0.772054 0.659992 0.769452 0.641210 0.755368 0.637289 0.749900 0.640822 0.739777 0.617598 0.729794 0.611027 0.749891 0.603621 0.762880 0.604530 0.767394 0.614635 0.788177 0.616088 0.827276 0.598264 0.827821 0.590471 0.818797 0.588861 0.819069 0.584964 0.829324 0.587639 0.850652 0.581299 0.856529 0.571920 0.871021 0.569997 0.871839 0.558307 0.887698 0.555500 0.876207 0.533160 0.880581 0.526613 0.894937 0.526638 0.903266 0.482189 0.920488 0.459898 0.917205 0.450858 0.903121 0.446936 0.913644 0.427114 0.962490 0.568561 0.971378 0.572120 0.992020 0.556921 0.998714 0.535852 1.000000 0.517460 1.000000 0.313924
1 0.255842 0.911706 0.274572 0.905184 0.300682 0.886452 0.306831 0.873176 0.289877 0.872970 0.259530 0.896300 0.246269 0.899289 0.255842 0.911706
1 0.270621 0.961686 0.275953 0.960101 0.316555 0.939446 0.345812 0.931702 0.392155 0.903617 0.432213 0.890755 0.465021 0.869554 0.529549 0.842740 0.580129 0.810056 0.583953 0.792702 0.564538 0.790365 0.512454 0.825881 0.431658 0.861347 0.371645 0.898267 0.317918 0.919962 0.265834 0.955478 0.270621 0.961686
1 0.280329 0.412197 0.288123 0.412742 0.309450 0.406402 0.404053 0.360154 0.444110 0.347292 0.467213 0.334223 0.467622 0.328378 0.453538 0.324456 0.442875 0.327626 0.367002 0.367353 0.291947 0.395388 0.278140 0.406170 0.280329 0.412197
1 0.925548 0.462210 0.923908 0.466990 0.914884 0.465380 0.916392 0.481149 0.924049 0.483642 0.926234 0.471068 0.960028 0.566431 0.971242 0.574068 0.978894 0.557961 0.971237 0.555468 0.962344 0.533309 0.913630 0.371313 0.907340 0.367937 0.898865 0.377134 0.925548 0.462210
1 0.689573 0.514235 0.710238 0.592038 0.741158 0.672516 0.754287 0.690076 0.724462 0.612612 0.731020 0.593491 0.699828 0.516910 0.701190 0.497427 0.691894 0.499713 0.689573 0.514235
1 0.411135 0.800196 0.417702 0.818277 0.434247 0.824328 0.435887 0.819548 0.425768 0.814925 0.418928 0.800741 0.422461 0.712883 0.416171 0.709506 0.410703 0.713040 0.411135 0.800196
1 0.396873 0.630820 0.404258 0.637210 0.414795 0.673189 0.410017 0.704181 0.416307 0.707558 0.423006 0.705090 0.426685 0.652484 0.426131 0.623077 0.414776 0.598788 0.420789 0.587461 0.417642 0.576473 0.408209 0.580708 0.406029 0.611882 0.398785 0.622143 0.396873 0.630820
1 0.353382 0.580790 0.347778 0.586271 0.343564 0.683871 0.350690 0.749959 0.357525 0.745542 0.352874 0.737386 0.364083 0.726422 0.380079 0.721667 0.358338 0.715252 0.352320 0.707978 0.363942 0.709770 0.378843 0.702002 0.373920 0.697741 0.379388 0.694208 0.372276 0.683921 0.373502 0.666386 0.366117 0.659996 0.364882 0.640331 0.370623 0.632900 0.365563 0.630589 0.387708 0.612558 0.384561 0.601570 0.370477 0.597648 0.386609 0.590945 0.390705 0.569694 0.398908 0.564394 0.391795 0.554107 0.400406 0.542962 0.392885 0.538520 0.394384 0.517088 0.398621 0.512490 0.395338 0.503450 0.403131 0.503995 0.406537 0.455286 0.400656 0.446064 0.364968 0.433779 0.350343 0.456251 0.346134 0.572451 0.353382 0.580790
