0 0.451051 1.000000 0.457161 0.932423 0.476843 0.896558 0.464820 0.852028 0.475965 0.771512 0.459981 0.713441 0.462239 0.678184 0.443997 0.655369 0.439558 0.628164 0.478580 0.546674 0.444218 0.461884 0.448802 0.393323 0.434113 0.372339 0.453522 0.328666 0.436311 0.235460 0.442190 0.203986 0.405434 0.150548 0.404071 0.111510 0.371753 0.085278 0.321880 0.005915 0.267968 0.010729 0.236588 0.211165 0.242254 0.273506 0.228443 0.377567 0.245509 0.566539 0.223161 0.625949 0.227327 0.645347 0.210789 0.671330 0.228281 0.672674 0.211267 0.684994 0.225410 0.690363 0.229577 0.709761 0.215978 0.720007 0.213448 0.747456 0.226288 0.815409 0.216106 0.823581 0.219723 0.877199 0.225461 0.891656 0.257233 0.902272 0.264612 0.913740 0.236870 0.918618 0.242404 0.927219 0.251014 0.923987 0.233862 0.932403 0.242439 1.000000 0.451051 1.000000
0 0.630292 0.000000 0.621282 0.186983 0.642118 0.234136 0.702995 0.278914 0.703336 0.288673 0.743581 0.292154 0.765171 0.310943 0.785876 0.304357 0.796675 0.263916 0.792492 0.000000 0.630292 0.000000
1 0.350376 1.000000 0.351109 0.992801 0.321387 0.990908 0.313823 1.000000 0.350376 1.000000
1 0.298723 0.741547 0.307469 0.742218 0.311635 0.761616 0.327419 0.763996 0.322021 0.759299 0.335824 0.754908 0.335551 0.747101 0.308632 0.725566 0.298723 0.741547
1 0.320364 0.162314 0.297747 0.164080 0.294667 0.225749 0.327670 0.221665 0.329587 0.176649 0.320364 0.162314
1 0.334887 0.528241 0.325058 0.396667 0.304150 0.397398 0.281874 0.408924 0.284187 0.525125 0.308853 0.532081 0.334887 0.528241
1 0.324786 0.388860 0.333123 0.377820 0.326575 0.240269 0.293572 0.244353 0.279211 0.382634 0.286453 0.390198 0.324786 0.388860
1 0.304035 0.943633 0.318111 0.947050 0.318860 0.968521 0.345235 0.974440 0.340468 0.787970 0.331585 0.783394 0.300358 0.788393 0.297487 0.806082 0.303430 0.826395 0.313953 0.827982 0.314634 0.847501 0.300900 0.853844 0.311558 0.859334 0.301309 0.865555 0.313740 0.921796 0.304035 0.943633
1 0.319235 0.579599 0.318962 0.571792 0.332765 0.567401 0.332083 0.547882 0.316027 0.537694 0.288149 0.538667 0.283160 0.545681 0.283978 0.569105 0.308576 0.574109 0.284319 0.578864 0.294910 0.582403 0.280898 0.630773 0.287659 0.674509 0.321480 0.693848 0.335419 0.693362 0.333097 0.676831 0.298113 0.674144 0.336310 0.668902 0.333310 0.583016 0.319235 0.579599
1 0.330686 0.907524 0.328024 0.881234 0.319414 0.884466 0.317016 0.965654 0.244934 0.899770 0.245275 0.909530 0.317697 0.985173 0.352750 0.989812 0.423676 0.972678 0.343186 0.965717 0.342436 0.944246 0.331845 0.940707 0.341141 0.907159 0.330686 0.907524
1 0.328991 0.759056 0.333298 0.732522 0.371630 0.731183 0.411398 0.721000 0.400263 0.701846 0.409831 0.676106 0.390221 0.664087 0.337950 0.665913 0.335355 0.641574 0.415096 0.627064 0.406078 0.618584 0.343352 0.620775 0.333379 0.584968 0.423778 0.575949 0.417904 0.557588 0.400752 0.566004 0.338026 0.568194 0.338917 0.543734 0.436150 0.530567 0.434101 0.521844 0.347049 0.526839 0.334682 0.522385 0.330524 0.403317 0.403432 0.392953 0.383959 0.384839 0.333395 0.385628 0.328420 0.243136 0.382468 0.242226 0.397911 0.234847 0.312091 0.225141 0.265489 0.239471 0.267811 0.256002 0.293640 0.246305 0.292132 0.303033 0.280987 0.383549 0.250033 0.396356 0.250579 0.411971 0.282146 0.416732 0.286722 0.447841 0.278926 0.524332 0.258153 0.528966 0.261979 0.538604 0.283024 0.541777 0.283433 0.553489 0.280425 0.567274 0.261361 0.570872 0.259926 0.579716 0.291493 0.584477 0.285069 0.600336 0.250630 0.613264 0.250971 0.623024 0.286296 0.635470 0.278027 0.648462 0.241539 0.652668 0.227459 0.699086 0.243856 0.719034 0.244606 0.740505 0.307124 0.782294 0.387137 0.775591 0.426905 0.765408 0.424993 0.760589 0.334388 0.763753 0.328991 0.759056
1 0.696744 0.000000 0.704912 0.233898 0.693158 0.247011 0.707438 0.256284 0.743722 0.246222 0.743943 0.052737 0.752503 0.000000 0.696744 0.000000
