0 0.833008 0.785156 0.930664 0.779297 0.946289 0.770508 0.999023 0.773438 1.000000 0.748535 0.970703 0.754395 0.981445 0.755859 0.981445 0.761719 0.869141 0.766113 0.875000 0.742676 0.869141 0.698730 0.863281 0.684082 0.861328 0.628418 0.837891 0.437988 0.828125 0.391113 0.802734 0.312012 0.791016 0.288574 0.762695 0.246094 0.729492 0.210938 0.661133 0.161133 0.633789 0.155273 0.596680 0.131836 0.434570 0.143555 0.422852 0.117188 0.411133 0.117188 0.374023 0.137695 0.323242 0.155273 0.266602 0.190430 0.206055 0.249023 0.169922 0.312012 0.142578 0.396973 0.125000 0.481934 0.121094 0.604980 0.126953 0.675293 0.138672 0.681152 0.138672 0.745605 0.132812 0.751465 0.136719 0.760254 0.133789 0.881836 0.170898 0.881836 0.188477 0.902344 0.209961 0.905273 0.303711 0.893555 0.344727 0.881836 0.377930 0.881836 0.403320 0.890625 0.596680 0.908203 0.625977 0.916992 0.784180 0.996094 0.894531 0.997559 0.902344 0.988770 0.876953 0.798340 0.812500 0.792480 0.833008 0.785156
1 0.743164 0.298828 0.741211 0.304688 0.720703 0.309082 0.720703 0.323730 0.732422 0.332520 0.732422 0.344238 0.723633 0.348633 0.714844 0.370605 0.720703 0.379395 0.718750 0.396973 0.725586 0.398438 0.737305 0.424805 0.746094 0.423340 0.753906 0.420410 0.753906 0.396973 0.750000 0.329590 0.743164 0.298828
1 0.166016 0.733887 0.156250 0.719238 0.153320 0.659180 0.142578 0.681152 0.142578 0.736816 0.136719 0.777832 0.132812 0.883301 0.140625 0.883301 0.150391 0.874512 0.156250 0.815918 0.164062 0.783691 0.166016 0.733887
1 0.212891 0.543457 0.231445 0.539062 0.237305 0.515625 0.249023 0.515625 0.268555 0.492188 0.276367 0.492188 0.297852 0.471680 0.340820 0.471680 0.343750 0.446777 0.359375 0.443848 0.359375 0.417480 0.356445 0.413086 0.352539 0.424805 0.345703 0.423340 0.345703 0.399902 0.356445 0.404297 0.359375 0.396973 0.357422 0.373535 0.346680 0.375000 0.342773 0.351562 0.329102 0.351562 0.325195 0.375000 0.299805 0.375000 0.295898 0.351562 0.268555 0.354492 0.265625 0.370605 0.249023 0.395508 0.206055 0.401367 0.203125 0.417480 0.189453 0.426270 0.187500 0.467285 0.176758 0.468750 0.171875 0.476074 0.174805 0.492188 0.187500 0.493652 0.188477 0.515625 0.200195 0.515625 0.203125 0.493652 0.218750 0.487793 0.218750 0.470215 0.224609 0.464355 0.221680 0.448242 0.237305 0.448242 0.240234 0.464355 0.246094 0.467285 0.238281 0.493652 0.217773 0.515625 0.204102 0.518555 0.201172 0.531738 0.187500 0.546387 0.187500 0.558105 0.171875 0.578613 0.172852 0.588867 0.182617 0.583008 0.193359 0.587402 0.195312 0.643066 0.185547 0.763184 0.169922 0.874512 0.186523 0.902344 0.195312 0.903809 0.201172 0.895020 0.203125 0.821777 0.220703 0.663574 0.212891 0.543457
1 0.618164 0.439453 0.645508 0.445312 0.666992 0.462891 0.706055 0.477539 0.708984 0.470215 0.699219 0.440918 0.701172 0.423340 0.697266 0.402832 0.701172 0.394043 0.697266 0.379395 0.689453 0.370605 0.689453 0.355957 0.683594 0.344238 0.668945 0.325195 0.649414 0.331055 0.627930 0.310547 0.624023 0.322266 0.590820 0.307617 0.579102 0.310547 0.577148 0.304688 0.567383 0.304688 0.559570 0.287109 0.549805 0.281250 0.526367 0.275391 0.522461 0.281250 0.469727 0.281250 0.456055 0.292969 0.440430 0.287109 0.437500 0.300293 0.452148 0.304688 0.453125 0.317871 0.436523 0.345703 0.421875 0.347168 0.424805 0.354492 0.435547 0.353027 0.437500 0.396973 0.424805 0.401367 0.420898 0.421875 0.407227 0.421875 0.390625 0.435059 0.391602 0.445312 0.415039 0.451172 0.401367 0.457031 0.395508 0.471680 0.389648 0.448242 0.377930 0.451172 0.375000 0.467285 0.378906 0.470215 0.368164 0.474609 0.363281 0.490723 0.349609 0.880371 0.352539 0.884766 0.376953 0.880371 0.390625 0.505371 0.402344 0.487793 0.402344 0.473145 0.432617 0.442383 0.440430 0.421875 0.545898 0.421875 0.559570 0.442383 0.563477 0.430664 0.568359 0.437988 0.562500 0.446777 0.562500 0.461426 0.570312 0.487793 0.578125 0.493652 0.583984 0.546387 0.591797 0.903809 0.598633 0.911133 0.621094 0.912598 0.611328 0.590332 0.619141 0.484863 0.615234 0.446777 0.618164 0.439453
1 0.909180 0.360352 0.916992 0.354492 0.952148 0.357422 1.000000 0.350098 0.999023 0.243164 0.936523 0.240234 0.874023 0.246094 0.867188 0.253418 0.851562 0.411621 0.853516 0.446777 0.859375 0.461426 0.866211 0.442383 0.887695 0.445312 0.896484 0.429199 0.909180 0.360352
1 0.782227 0.791016 0.787109 0.789551 0.792969 0.786621 0.790039 0.773438 0.771484 0.777832 0.782227 0.791016
1 0.798828 0.777832 0.801758 0.788086 0.806641 0.786621 0.999023 0.776367 1.000000 0.760254 0.807617 0.770508 0.798828 0.777832
1 0.800781 0.722168 0.795898 0.717773 0.785156 0.848145 0.798828 0.933105 0.812500 0.944824 0.792969 0.871582 0.792969 0.836426 0.800781 0.792480 0.800781 0.722168
1 0.822266 0.892090 0.792969 0.851074 0.793945 0.861328 0.817383 0.893555 0.822266 0.892090
1 0.732422 0.795410 0.733398 0.805664 0.785156 0.848145 0.787109 0.839355 0.782227 0.832031 0.739258 0.793945 0.732422 0.795410
1 0.756836 0.653320 0.755859 0.663574 0.770508 0.685547 0.791992 0.703125 0.808594 0.728027 0.814453 0.757324 0.826172 0.763184 0.828125 0.757324 0.818359 0.745605 0.798828 0.698730 0.756836 0.653320
1 0.756836 0.597656 0.800781 0.648926 0.780273 0.606445 0.754883 0.577148 0.748047 0.578613 0.756836 0.597656
1 0.810547 0.801270 0.801758 0.793945 0.814453 0.818848 0.810547 0.801270
1 0.716797 0.684082 0.745117 0.714844 0.756836 0.738281 0.786133 0.773438 0.792969 0.771973 0.791016 0.760254 0.776367 0.738281 0.735352 0.694336 0.716797 0.684082
