0 0.301687 0.000000 0.257378 0.193494 0.258682 0.256078 0.237645 0.358922 0.241488 0.548625 0.215049 0.606331 0.217852 0.625972 0.199542 0.650739 0.216898 0.653299 0.199065 0.664402 0.212800 0.670745 0.215603 0.690386 0.201323 0.699659 0.196884 0.726864 0.204953 0.795547 0.194226 0.802990 0.194094 0.856729 0.198810 0.871551 0.229764 0.884358 0.236324 0.896313 0.208310 0.899243 0.213230 0.908209 0.222044 0.905586 0.204348 0.912785 0.208659 0.989154 0.415969 0.997370 0.427101 0.928381 0.449237 0.893976 0.440350 0.848717 0.457084 0.769174 0.445190 0.710129 0.449901 0.675116 0.433295 0.651084 0.430765 0.623636 0.475377 0.545067 0.447013 0.458086 0.456368 0.390012 0.443179 0.368054 0.465587 0.325841 0.454920 0.231662 0.462980 0.200674 0.430041 0.144803 0.431404 0.105764 0.400995 0.077342 0.359618 0.000000 0.301687 0.000000
0 0.827225 0.011122 0.665080 0.008391 0.642821 0.196206 0.660317 0.244697 0.717923 0.293612 0.717582 0.303372 0.757486 0.309651 0.777713 0.329901 0.798827 0.324775 0.812421 0.285187 0.827225 0.011122
1 0.287578 0.977252 0.273093 0.992381 0.314911 0.993841 0.317096 0.981215 0.287578 0.977252
1 0.282363 0.726918 0.291041 0.728198 0.293844 0.747839 0.309424 0.751315 0.304367 0.746252 0.318442 0.742835 0.318715 0.735027 0.293363 0.711667 0.282363 0.726918
1 0.344357 0.150605 0.321672 0.150790 0.314298 0.212094 0.347505 0.210322 0.352558 0.165549 0.344357 0.150605
1 0.333319 0.516654 0.332693 0.384716 0.311784 0.383986 0.288758 0.393930 0.282960 0.510010 0.307081 0.518669 0.333319 0.516654
1 0.332965 0.376908 0.342052 0.366477 0.345115 0.228804 0.311908 0.230576 0.287936 0.367518 0.294633 0.375569 0.332965 0.376908
1 0.273566 0.928882 0.287369 0.933273 0.286619 0.954744 0.312516 0.962489 0.320768 0.776140 0.312227 0.770956 0.280728 0.773764 0.276629 0.791210 0.281141 0.811888 0.291527 0.814205 0.290845 0.833724 0.276702 0.839093 0.286952 0.845314 0.276293 0.850805 0.284770 0.907776 0.273566 0.928882
1 0.314123 0.566796 0.314395 0.558988 0.328471 0.555571 0.329152 0.536052 0.313846 0.524768 0.285968 0.523795 0.280502 0.530444 0.279684 0.553867 0.303873 0.560575 0.279343 0.563627 0.289661 0.567896 0.272310 0.615171 0.276003 0.659272 0.308393 0.680923 0.322332 0.681410 0.321169 0.664758 0.286457 0.659637 0.324926 0.657072 0.327926 0.571186 0.314123 0.566796
1 0.302671 0.894721 0.301849 0.868309 0.293035 0.870933 0.284979 0.951755 0.217669 0.881004 0.217328 0.890764 0.284297 0.971275 0.318941 0.978348 0.390890 0.966203 0.311081 0.953644 0.311831 0.932173 0.301513 0.927904 0.313126 0.895086 0.302671 0.894721
1 0.311336 0.746496 0.317484 0.720327 0.355816 0.721666 0.396198 0.714281 0.386425 0.694397 0.397766 0.669387 0.379043 0.656030 0.326771 0.654205 0.325881 0.629745 0.406440 0.620832 0.398034 0.611744 0.335308 0.609553 0.327857 0.573138 0.418666 0.570447 0.414086 0.551721 0.396390 0.558920 0.333664 0.556730 0.336258 0.532391 0.434173 0.526039 0.432737 0.517194 0.345550 0.516104 0.333523 0.510798 0.337681 0.391730 0.411134 0.386478 0.392275 0.377025 0.341780 0.374284 0.346755 0.231793 0.400735 0.234655 0.416656 0.228371 0.331721 0.212702 0.284234 0.223747 0.285397 0.240399 0.311839 0.232528 0.306378 0.289013 0.289644 0.368555 0.257872 0.379172 0.257327 0.394787 0.288485 0.401738 0.290880 0.433091 0.277767 0.508851 0.256722 0.512025 0.259866 0.521906 0.280638 0.526540 0.280229 0.538252 0.276267 0.551794 0.256999 0.554052 0.254950 0.562775 0.286108 0.569726 0.278593 0.585098 0.243337 0.595593 0.242996 0.605353 0.277366 0.620233 0.268211 0.632616 0.231519 0.634267 0.214236 0.679589 0.229201 0.700632 0.228452 0.722104 0.287902 0.768152 0.368188 0.767047 0.408569 0.759663 0.406997 0.754722 0.316393 0.751558 0.311336 0.746496
1 0.723934 0.271348 0.760831 0.263842 0.774548 0.070844 0.788892 0.009784 0.731359 0.008752 0.722975 0.248840 0.710335 0.261101 0.723934 0.271348
