0 0.639648 0.000000 0.620117 0.005208 0.516602 0.000000 0.510742 0.005208 0.471680 0.005208 0.457031 0.024740 0.443359 0.066406 0.405273 0.104167 0.355469 0.186198 0.329102 0.208333 0.318359 0.227865 0.352539 0.252604 0.409180 0.276042 0.452148 0.286458 0.491211 0.304688 0.515625 0.305990 0.554688 0.233073 0.586914 0.197917 0.637695 0.127604 0.653320 0.114583 0.681641 0.066406 0.716797 0.027344 0.723633 0.000000 0.639648 0.000000
0 0.209961 0.710938 0.231445 0.721354 0.274414 0.721354 0.307617 0.739583 0.331055 0.742188 0.475586 0.739583 0.590820 0.723958 0.594727 0.729167 0.653320 0.729167 0.666016 0.720052 0.671875 0.688802 0.693359 0.662760 0.693359 0.652344 0.686523 0.658854 0.633789 0.653646 0.637695 0.638021 0.651367 0.632812 0.655273 0.645833 0.715820 0.645833 0.735352 0.625000 0.747070 0.622396 0.758789 0.604167 0.778320 0.588542 0.787109 0.569010 0.798828 0.558594 0.800781 0.545573 0.756836 0.552083 0.735352 0.546875 0.721680 0.549479 0.715820 0.562500 0.690430 0.562500 0.686523 0.544271 0.584961 0.533854 0.551758 0.520833 0.524414 0.523438 0.506836 0.515625 0.502930 0.507812 0.499023 0.513021 0.483398 0.507812 0.467773 0.492188 0.461914 0.492188 0.450195 0.507812 0.395508 0.528646 0.379883 0.523438 0.352539 0.528646 0.348633 0.520833 0.291992 0.518229 0.274414 0.513021 0.268555 0.500000 0.260742 0.513021 0.252930 0.510417 0.247070 0.518229 0.237305 0.518229 0.213867 0.500000 0.205078 0.480469 0.203125 0.438802 0.230469 0.433594 0.215820 0.424479 0.204102 0.429688 0.203125 0.417969 0.212891 0.412760 0.210938 0.399740 0.204102 0.398438 0.164062 0.441406 0.132812 0.506510 0.109375 0.537760 0.101562 0.561198 0.113281 0.574219 0.093750 0.589844 0.095703 0.597656 0.089844 0.600260 0.088867 0.609375 0.083008 0.601562 0.068359 0.623698 0.076172 0.626302 0.076172 0.639323 0.055664 0.669271 0.047852 0.671875 0.023438 0.701823 0.040039 0.716146 0.081055 0.718750 0.084961 0.726562 0.104492 0.734375 0.163086 0.747396 0.170898 0.747396 0.174805 0.739583 0.179688 0.746094 0.180664 0.739583 0.193359 0.735677 0.198242 0.718750 0.209961 0.710938
1 0.499023 0.000000 0.477539 0.005208 0.460938 0.024740 0.463867 0.033854 0.601562 0.092448 0.581055 0.101562 0.578125 0.087240 0.569336 0.083333 0.545898 0.098958 0.500977 0.104167 0.500000 0.118490 0.493164 0.122396 0.471680 0.109375 0.467773 0.125000 0.456055 0.125000 0.453125 0.139323 0.443359 0.144531 0.435547 0.165365 0.437500 0.175781 0.433594 0.175781 0.432617 0.166667 0.424805 0.166667 0.404297 0.204427 0.404297 0.225260 0.414062 0.230469 0.414062 0.243490 0.405273 0.263021 0.399414 0.252604 0.376953 0.240885 0.380859 0.235677 0.377930 0.221354 0.359375 0.217448 0.356445 0.192708 0.351562 0.196615 0.346680 0.226562 0.342773 0.208333 0.335938 0.212240 0.333008 0.226562 0.324219 0.225260 0.354492 0.250000 0.379883 0.260417 0.407227 0.270833 0.426758 0.270833 0.432617 0.278646 0.454102 0.281250 0.485352 0.299479 0.515625 0.303385 0.562500 0.220052 0.653320 0.111979 0.680664 0.062500 0.718750 0.022135 0.723633 0.000000 0.499023 0.000000
1 0.100586 0.671875 0.080078 0.696615 0.072266 0.714844 0.083984 0.725260 0.087891 0.712240 0.113281 0.683594 0.114258 0.666667 0.100586 0.671875
1 0.175781 0.464844 0.214844 0.415365 0.213867 0.395833 0.196289 0.398438 0.160156 0.446615 0.128906 0.509115 0.105469 0.540365 0.089844 0.579427 0.058594 0.623698 0.048828 0.652344 0.025391 0.691406 0.023438 0.696615 0.029297 0.701823 0.068359 0.652344 0.093750 0.600260 0.134766 0.542969 0.175781 0.464844
1 0.671875 0.558594 0.668945 0.544271 0.663086 0.544271 0.648438 0.566406 0.632812 0.605469 0.580078 0.696615 0.572266 0.717448 0.572266 0.725260 0.578125 0.727865 0.589844 0.714844 0.623047 0.641927 0.667969 0.569010 0.671875 0.558594
1 0.477539 0.026042 0.475586 0.018229 0.458984 0.024740 0.465820 0.036458 0.558594 0.076823 0.545898 0.078125 0.547852 0.085938 0.563477 0.088542 0.562500 0.079427 0.567383 0.078125 0.650391 0.110677 0.660156 0.102865 0.657227 0.096354 0.499023 0.036458 0.477539 0.026042
1 0.403320 0.268229 0.328125 0.233073 0.344727 0.247396 0.422852 0.283854 0.499023 0.309896 0.513672 0.308594 0.516602 0.299479 0.497070 0.299479 0.422852 0.263021 0.403320 0.268229
1 0.180664 0.552083 0.176758 0.541667 0.171875 0.542969 0.176758 0.559896 0.194336 0.567708 0.281250 0.574219 0.285156 0.569010 0.282227 0.562500 0.194336 0.559896 0.180664 0.552083
1 0.407227 0.572917 0.395508 0.578125 0.372070 0.565104 0.342773 0.562500 0.290039 0.562500 0.287109 0.569010 0.290039 0.575521 0.321289 0.572917 0.356445 0.585938 0.362305 0.593750 0.371094 0.592448 0.381836 0.585938 0.413086 0.585938 0.417969 0.576823 0.407227 0.572917
1 0.538086 0.596354 0.489258 0.596354 0.489258 0.604167 0.480469 0.600260 0.475586 0.604167 0.454102 0.604167 0.450195 0.596354 0.438477 0.604167 0.428711 0.596354 0.422852 0.604167 0.401367 0.606771 0.393555 0.622396 0.390625 0.608073 0.379883 0.604167 0.360352 0.625000 0.358398 0.619792 0.350586 0.625000 0.331055 0.622396 0.325195 0.614583 0.307617 0.614583 0.297852 0.606771 0.293945 0.611979 0.290039 0.606771 0.281250 0.621094 0.282227 0.632812 0.275391 0.626302 0.270508 0.604167 0.264648 0.619792 0.252930 0.630208 0.245117 0.625000 0.240234 0.631510 0.305664 0.643229 0.403320 0.645833 0.409180 0.640625 0.416992 0.648438 0.533203 0.652344 0.556641 0.639323 0.546875 0.602865 0.538086 0.596354
