0 0.909180 0.777579 0.917969 0.772349 0.915039 0.763632 0.922852 0.781066 0.999023 0.774092 1.000000 0.566622 0.930664 0.557904 0.895508 0.536983 0.850586 0.547444 0.770508 0.533496 0.711914 0.547444 0.676758 0.543957 0.653320 0.561391 0.625977 0.564878 0.545898 0.523035 0.459961 0.554418 0.391602 0.547444 0.370117 0.561391 0.327148 0.540470 0.233398 0.554418 0.202148 0.547444 0.147461 0.582313 0.108398 0.582313 0.081055 0.613695 0.000000 0.660768 0.002930 0.714815 0.202148 0.753171 0.264648 0.749684 0.368164 0.767119 0.557617 0.756658 0.616211 0.781066 0.635742 0.777579 0.661133 0.795014 0.663086 0.777579 0.674805 0.795014 0.680664 0.781066 0.700195 0.777579 0.709961 0.791527 0.737305 0.795014 0.805664 0.784553 0.813477 0.795014 0.867187 0.793270 0.881836 0.788040 0.893555 0.756658 0.905273 0.749684 0.909180 0.777579
0 0.300781 0.249314 0.320313 0.228392 0.314453 0.207471 0.274414 0.195267 0.000000 0.190036 0.002930 0.352177 0.191406 0.367868 0.239258 0.348690 0.286133 0.289413 0.295898 0.289413 0.300781 0.249314
1 1.000000 0.667742 0.987305 0.665998 0.984375 0.695637 1.000000 0.709585 1.000000 0.667742
1 0.752930 0.686920 0.749023 0.672972 0.741211 0.672972 0.718750 0.699124 0.734375 0.709585 0.735352 0.700867 0.754883 0.697381 0.757813 0.681689 0.752930 0.686920
1 0.157227 0.690407 0.218750 0.695637 0.215820 0.662511 0.170898 0.659025 0.156250 0.667742 0.157227 0.690407
1 0.390625 0.692150 0.401367 0.714815 0.517578 0.716558 0.525391 0.692150 0.522461 0.665998 0.390625 0.671229 0.390625 0.692150
1 0.234375 0.664255 0.237305 0.697381 0.375000 0.716558 0.382813 0.709585 0.382813 0.671229 0.372070 0.662511 0.234375 0.664255
1 0.846680 0.711328 0.852539 0.700867 0.858398 0.711328 0.915039 0.700867 0.936523 0.711328 0.940430 0.697381 0.961914 0.697381 0.968750 0.671229 0.782227 0.669485 0.777344 0.678203 0.781250 0.709585 0.798828 0.713072 0.819336 0.707841 0.821289 0.697381 0.840820 0.697381 0.846680 0.711328
1 0.670898 0.672972 0.666992 0.707841 0.663086 0.669485 0.577148 0.669485 0.573242 0.683433 0.565430 0.683433 0.561523 0.669485 0.541992 0.669485 0.531250 0.685176 0.531250 0.713072 0.538086 0.718302 0.561523 0.718302 0.567383 0.693894 0.571289 0.718302 0.575195 0.707841 0.623047 0.723532 0.666992 0.718302 0.687500 0.685176 0.687500 0.671229 0.670898 0.672972
1 0.959961 0.672972 0.938477 0.672972 0.934570 0.683433 0.901367 0.672972 0.901367 0.683433 0.875000 0.685176 0.877930 0.693894 0.958984 0.699124 0.890625 0.768862 0.900391 0.768862 0.978516 0.699124 0.984375 0.664255 0.969727 0.592773 0.959961 0.672972
1 0.771484 0.622412 0.762695 0.582313 0.757813 0.584056 0.757813 0.674716 0.752930 0.679946 0.726563 0.674716 0.726563 0.636360 0.717773 0.596260 0.698242 0.606721 0.672852 0.596260 0.660156 0.615438 0.660156 0.667742 0.635742 0.669485 0.624023 0.589287 0.615234 0.598004 0.615234 0.660768 0.579102 0.669485 0.573242 0.578826 0.554687 0.584056 0.562500 0.601491 0.562500 0.664255 0.538086 0.662511 0.528320 0.564878 0.519531 0.566622 0.521484 0.653794 0.516602 0.665998 0.397461 0.665998 0.389648 0.592773 0.380859 0.611951 0.379883 0.662511 0.237305 0.662511 0.238281 0.608464 0.231445 0.592773 0.218750 0.678203 0.231445 0.725276 0.248047 0.723532 0.239258 0.697381 0.295898 0.700867 0.375977 0.714815 0.387695 0.746197 0.403320 0.746197 0.409180 0.714815 0.440430 0.711328 0.516602 0.721789 0.520508 0.742710 0.530273 0.739223 0.534180 0.718302 0.545898 0.718302 0.559570 0.721789 0.562500 0.740967 0.571289 0.742710 0.577148 0.711328 0.592773 0.718302 0.604492 0.753171 0.614258 0.753171 0.627930 0.718302 0.640625 0.727019 0.643555 0.763632 0.689453 0.779323 0.709961 0.763632 0.731445 0.763632 0.775391 0.702611 0.771484 0.622412
1 0.000000 0.228392 0.000977 0.285926 0.241211 0.285926 0.253906 0.298130 0.263672 0.284183 0.254883 0.247570 0.061523 0.240596 0.000000 0.228392
