0 0.889363 1.000000 0.896056 0.996346 0.919452 0.888493 0.877966 0.716551 0.875993 0.686028 0.902362 0.493670 0.899509 0.466953 0.906978 0.434601 0.927623 0.397272 0.960131 0.308561 0.962109 0.286969 0.946081 0.265228 0.954429 0.229069 0.835304 0.204574 0.827619 0.198791 0.820592 0.203182 0.757791 0.188683 0.754718 0.175947 0.687525 0.154421 0.566753 0.130547 0.480016 0.128563 0.391081 0.136094 0.321579 0.157131 0.250867 0.202945 0.203871 0.250226 0.175320 0.295751 0.146990 0.327296 0.144354 0.338715 0.167409 0.356065 0.119524 0.511383 0.134013 0.552813 0.133571 0.580774 0.166722 0.658585 0.193508 0.698846 0.228529 0.735996 0.248729 0.752687 0.320092 0.795221 0.363569 0.815281 0.543845 0.880955 0.597644 0.895380 0.610598 0.904384 0.652099 0.919979 0.676254 0.919542 0.654333 1.000000 0.662438 1.000000 0.663182 0.995702 0.675260 0.982454 0.702937 0.888619 0.714687 0.870284 0.705897 0.934404 0.880463 1.000000 0.889363 1.000000
1 0.373350 0.714307 0.350295 0.696958 0.350405 0.689967 0.332838 0.687916 0.325593 0.680230 0.302206 0.683851 0.295947 0.691426 0.284528 0.688790 0.278601 0.675395 0.264328 0.672099 0.255433 0.691093 0.249284 0.691678 0.277720 0.705259 0.342497 0.724223 0.365334 0.729495 0.369946 0.722542 0.373350 0.714307
1 0.956076 0.228447 0.852432 0.208528 0.811149 0.205011 0.756912 0.192489 0.733086 0.198013 0.790946 0.214378 0.803022 0.227189 0.851990 0.236489 0.885148 0.236126 0.943558 0.243598 0.954319 0.236060 0.956076 0.228447
1 0.962549 0.285065 0.939164 0.262629 0.827175 0.252810 0.707939 0.235305 0.654141 0.220880 0.652276 0.209424 0.660182 0.201227 0.650410 0.197969 0.626913 0.208580 0.615495 0.205944 0.598147 0.215970 0.584642 0.215859 0.578712 0.228522 0.552689 0.243561 0.525240 0.245242 0.523704 0.238874 0.508662 0.232395 0.512177 0.217170 0.527218 0.223649 0.534246 0.219258 0.551373 0.223212 0.560597 0.209306 0.582666 0.211394 0.585302 0.199976 0.564112 0.194081 0.565541 0.181382 0.550500 0.174903 0.542265 0.178013 0.538421 0.188150 0.498017 0.180827 0.486378 0.192171 0.470018 0.191401 0.454643 0.231950 0.426645 0.242525 0.410285 0.241754 0.401280 0.267738 0.423238 0.276817 0.417526 0.301557 0.393811 0.300091 0.390735 0.313412 0.412693 0.322490 0.408850 0.332628 0.431247 0.339803 0.439043 0.338596 0.437177 0.327141 0.460014 0.332413 0.459903 0.339403 0.447606 0.340573 0.451229 0.344416 0.476921 0.350348 0.483290 0.335782 0.508213 0.338529 0.517879 0.296662 0.542694 0.280341 0.544452 0.272729 0.571682 0.258971 0.574318 0.247552 0.598473 0.247116 0.606929 0.230025 0.722210 0.264658 0.880313 0.283118 0.952117 0.297691 0.961999 0.293959 0.962549 0.285065
1 0.878408 0.688590 0.872809 0.680281 0.526305 0.592267 0.476241 0.574695 0.472289 0.565764 0.448355 0.552221 0.434082 0.548926 0.424200 0.552658 0.418162 0.546252 0.430459 0.545082 0.413552 0.527148 0.437278 0.424382 0.459017 0.421383 0.495801 0.398806 0.510074 0.402101 0.529837 0.394637 0.898302 0.465672 0.908076 0.442872 0.904453 0.439029 0.521715 0.364698 0.504917 0.365831 0.498218 0.375310 0.496243 0.370845 0.479883 0.370074 0.474392 0.380834 0.495911 0.391815 0.480320 0.394229 0.471535 0.406233 0.471098 0.382078 0.461327 0.378820 0.444747 0.392030 0.441671 0.405352 0.420810 0.404544 0.413673 0.415926 0.371293 0.404137 0.375137 0.394000 0.368659 0.389498 0.363937 0.403441 0.333084 0.413356 0.320458 0.409439 0.319471 0.394178 0.305966 0.394066 0.308160 0.410609 0.293667 0.421294 0.281804 0.472677 0.275216 0.475165 0.275653 0.499320 0.279165 0.510154 0.294536 0.521720 0.292339 0.531235 0.297609 0.534457 0.292118 0.545216 0.298922 0.580863 0.286625 0.582033 0.301774 0.607580 0.291671 0.625293 0.306931 0.643849 0.317031 0.652195 0.331304 0.655490 0.338111 0.665079 0.351505 0.672181 0.360947 0.670352 0.380051 0.678771 0.397618 0.680822 0.423967 0.696928 0.431763 0.695721 0.426277 0.654364 0.413982 0.629476 0.414424 0.601515 0.422219 0.600308 0.458450 0.612682 0.562973 0.628795 0.874783 0.710804 0.878408 0.688590
1 0.368618 0.832483 0.334802 0.822671 0.177139 0.802308 0.168464 0.807321 0.148696 0.866901 0.137491 0.928458 0.241464 0.953464 0.259365 0.908487 0.264419 0.873573 0.271885 0.867278 0.341824 0.870396 0.359502 0.865457 0.361480 0.843864 0.381573 0.841487 0.368618 0.832483
1 0.720070 0.840457 0.709641 0.827025 0.701185 0.844115 0.713371 0.849936 0.717544 0.844886 0.720070 0.840457
1 0.670954 1.000000 0.710296 0.863257 0.712822 0.858829 0.703490 0.853668 0.694376 0.860584 0.654265 1.000000 0.670954 1.000000
1 0.854783 0.888597 0.775075 0.856163 0.645629 0.837303 0.648813 0.843049 0.717323 0.858866 0.761900 0.861139 0.796155 0.869048 0.863126 0.904554 0.854783 0.888597
1 0.812072 0.897779 0.785944 0.867693 0.776173 0.864434 0.809547 0.902207 0.812072 0.897779
1 0.745327 0.796176 0.735555 0.792918 0.732590 0.799249 0.760034 0.849684 0.766072 0.856089 0.775075 0.856163 0.745327 0.796176
1 0.679992 0.864279 0.652765 0.851980 0.632235 0.830202 0.619940 0.805314 0.601826 0.786098 0.591615 0.784743 0.626415 0.835874 0.667695 0.865449 0.676917 0.877601 0.683066 0.877016 0.679992 0.864279
1 0.537378 0.772221 0.520800 0.759374 0.517835 0.765705 0.540669 0.797035 0.577448 0.826573 0.537378 0.772221
1 0.718531 0.860147 0.723690 0.870358 0.739939 0.878119 0.718531 0.860147
1 0.702063 0.840309 0.674399 0.803855 0.654198 0.787164 0.630595 0.752650 0.636413 0.773036 0.670005 0.822886 0.688119 0.842101 0.699098 0.846641 0.702063 0.840309
