0 0.761037 0.890969 0.724044 0.849081 0.706222 0.839280 0.642957 0.779949 0.604615 0.751588 0.552357 0.687465 0.528640 0.693401 0.493773 0.718749 0.453582 0.737173 0.402454 0.770987 0.373623 0.801794 0.387894 0.818917 0.418000 0.835615 0.482542 0.906635 0.527134 0.936435 0.548505 0.974727 0.566611 0.991105 0.604956 0.983651 0.611701 0.987646 0.712321 0.962782 0.732487 0.964167 0.814929 0.948142 0.803001 0.922605 0.761037 0.890969
0 0.000000 0.398082 0.023364 0.417557 0.031529 0.418622 0.057375 0.444107 0.059859 0.456889 0.052687 0.460936 0.071290 0.479869 0.075551 0.471082 0.078249 0.479843 0.084498 0.481281 0.084071 0.489323 0.106225 0.500934 0.097206 0.515952 0.109347 0.537468 0.138317 0.563672 0.181415 0.621617 0.228917 0.656157 0.235379 0.653574 0.234812 0.640420 0.224232 0.637171 0.222954 0.625481 0.235452 0.628357 0.248092 0.616615 0.220257 0.616720 0.214223 0.575446 0.219124 0.554597 0.238653 0.532230 0.248239 0.530367 0.255481 0.536918 0.262654 0.532871 0.272807 0.544162 0.276074 0.530262 0.292336 0.521796 0.347439 0.508432 0.349782 0.500017 0.377618 0.499913 0.391962 0.491819 0.449620 0.501834 0.464105 0.514936 0.469856 0.513818 0.482213 0.495499 0.496557 0.487405 0.501385 0.491772 0.503729 0.483358 0.519493 0.472335 0.546832 0.469674 0.576940 0.450557 0.674649 0.420952 0.675005 0.402313 0.699930 0.397468 0.708166 0.409131 0.722083 0.409079 0.742179 0.399867 0.786559 0.397873 0.782158 0.385464 0.768667 0.377474 0.756312 0.359979 0.734158 0.348368 0.719177 0.332710 0.707176 0.332389 0.684029 0.315666 0.624594 0.327218 0.623244 0.340745 0.608830 0.338241 0.602014 0.323649 0.652786 0.308474 0.660738 0.313561 0.658751 0.303335 0.632692 0.281871 0.620978 0.252314 0.606776 0.245789 0.549259 0.256969 0.546418 0.262827 0.430320 0.269477 0.287947 0.294498 0.265437 0.301527 0.236322 0.325757 0.194143 0.333955 0.175041 0.348280 0.162047 0.342847 0.154024 0.327163 0.140817 0.325751 0.138616 0.319546 0.135065 0.326869 0.129740 0.319945 0.122071 0.321436 0.067038 0.345398 0.049356 0.356793 0.047012 0.365208 0.007247 0.375590 0.000000 0.384795 0.000000 0.398082
1 0.760824 0.894990 0.724541 0.851637 0.614768 0.762879 0.552854 0.690021 0.523882 0.699632 0.496684 0.723489 0.476092 0.730145 0.471831 0.738931 0.452658 0.742658 0.427804 0.758101 0.404868 0.773171 0.379871 0.803232 0.388250 0.800277 0.393859 0.813778 0.401315 0.816308 0.401671 0.797669 0.412178 0.826135 0.417717 0.829037 0.415872 0.804193 0.433341 0.796818 0.433484 0.782200 0.428655 0.777832 0.448467 0.762043 0.452232 0.750700 0.464586 0.768195 0.467070 0.780977 0.458478 0.787953 0.462453 0.808403 0.489789 0.841557 0.497458 0.840066 0.496678 0.830933 0.500512 0.830188 0.500583 0.840785 0.512227 0.859745 0.522807 0.862995 0.528415 0.876495 0.539919 0.874259 0.546735 0.888852 0.565340 0.871971 0.572796 0.874501 0.576487 0.888374 0.621578 0.884916 0.647566 0.895781 0.655448 0.890270 0.655591 0.875651 0.677461 0.880685 0.553476 0.964476 0.552339 0.973982 0.572362 0.989987 0.594446 0.991000 0.814929 0.948142 0.805912 0.927345 0.760824 0.894990
1 0.039130 0.370719 0.050277 0.387123 0.075129 0.407495 0.089543 0.409999 0.085355 0.393569 0.054965 0.370294 0.048646 0.358258 0.039130 0.370719
1 0.000000 0.405352 0.028049 0.436543 0.043101 0.462799 0.082224 0.500294 0.105015 0.535657 0.133985 0.561861 0.176587 0.617250 0.221248 0.657647 0.239000 0.656850 0.236232 0.637491 0.188446 0.596374 0.133277 0.527511 0.082083 0.479098 0.047221 0.432816 0.000000 0.392185 0.000000 0.405352
1 0.527956 0.265089 0.529447 0.272758 0.541091 0.291718 0.610248 0.371127 0.633039 0.406491 0.651642 0.425424 0.657394 0.424306 0.657537 0.409687 0.651715 0.400208 0.593705 0.337202 0.547199 0.271961 0.533211 0.261415 0.527956 0.265089
1 0.646642 0.901267 0.641601 0.900920 0.640820 0.891787 0.625979 0.897324 0.625553 0.905366 0.638263 0.904222 0.554896 0.961547 0.550422 0.974355 0.567961 0.977578 0.568387 0.969536 0.587489 0.955211 0.731357 0.866229 0.732991 0.859280 0.721914 0.853474 0.646642 0.901267
1 0.535315 0.686798 0.465512 0.726895 0.395779 0.777591 0.382215 0.794818 0.449321 0.745960 0.469487 0.747346 0.535385 0.697396 0.554558 0.693669 0.549943 0.685281 0.535315 0.686798
1 0.187032 0.491859 0.171268 0.502882 0.169705 0.520430 0.174746 0.520776 0.176593 0.509806 0.188523 0.499528 0.274302 0.480201 0.275936 0.473252 0.271107 0.468884 0.187032 0.491859
1 0.346946 0.434246 0.342685 0.443033 0.310659 0.462523 0.279487 0.465929 0.277853 0.472879 0.281971 0.478711 0.333737 0.468649 0.361998 0.460502 0.382521 0.443248 0.395018 0.446125 0.404817 0.440241 0.398285 0.432225 0.367609 0.438188 0.355822 0.433847 0.346946 0.434246
1 0.384016 0.379288 0.377270 0.375293 0.281905 0.396483 0.219914 0.420471 0.225949 0.425931 0.232624 0.419327 0.246115 0.427316 0.254848 0.441536 0.255418 0.418876 0.260886 0.411181 0.262163 0.422871 0.273524 0.435253 0.276364 0.429395 0.281193 0.433763 0.289288 0.424230 0.306543 0.420876 0.310804 0.412089 0.329480 0.405806 0.338143 0.409428 0.339066 0.403943 0.362214 0.420667 0.372013 0.414782 0.372156 0.400164 0.382807 0.414011 0.404393 0.412468 0.411635 0.419019 0.419731 0.409486 0.432725 0.414919 0.435069 0.406505 0.456159 0.402406 0.461697 0.405308 0.469579 0.399797 0.471070 0.407466 0.519001 0.398149 0.526386 0.390081 0.529016 0.352429 0.503525 0.344120 0.390194 0.370128 0.384016 0.379288
