3 1.000000 0.609433 0.993573 0.612976 0.969243 0.608751 0.957671 0.571207 0.936331 0.571376 0.919876 0.552688 0.913168 0.518178 0.892574 0.522181 0.905675 0.523613 0.902292 0.539193 0.881335 0.530334 0.878727 0.516913 0.861124 0.525309 0.821829 0.510066 0.763479 0.451769 0.744758 0.454414 0.705090 0.437253 0.626146 0.382959 0.522863 0.335387 0.501543 0.313665 0.512781 0.305511 0.491442 0.305680 0.469367 0.291069 0.457374 0.306333 0.455138 0.294830 0.344381 0.230802 0.324944 0.196776 0.266575 0.160370 0.242274 0.123310 0.149846 0.076612 0.226171 0.128430 0.260201 0.171557 0.309215 0.203813 0.328279 0.235922 0.432289 0.309219 0.438624 0.341813 0.450608 0.337493 0.454363 0.323831 0.473065 0.343077 0.535945 0.358710 0.561756 0.381548 0.611535 0.395748 0.619361 0.436010 0.632472 0.426498 0.654174 0.439191 0.670649 0.435989 0.710308 0.464095 0.744376 0.463441 0.807590 0.524772 0.828929 0.524604 0.851367 0.552077 0.919856 0.574578 0.912737 0.581931 0.941549 0.598217 0.948630 0.634645 0.961741 0.625132 0.971087 0.640228 0.966213 0.648139 0.945619 0.652142 0.935146 0.642240 0.917533 0.661581 0.900313 0.660949 0.895066 0.666943 0.960937 0.686968 0.983777 0.683524 0.987160 0.667944 1.000000 0.665151 1.000000 0.609433
3 0.139745 0.068627 0.256474 0.152385 0.232546 0.117243 0.139745 0.068627
3 0.492515 0.000000 0.490203 0.013438 0.547827 0.046010 0.607667 0.111975 0.686611 0.166269 0.695183 0.210366 0.716895 0.212114 0.788719 0.273761 0.819414 0.277743 0.822395 0.293081 0.841488 0.292354 0.867309 0.304247 0.874782 0.320702 0.906595 0.330435 0.927542 0.350240 0.971338 0.355655 0.959747 0.340001 0.899867 0.317815 0.871820 0.283474 0.822042 0.269273 0.749453 0.225683 0.737488 0.208111 0.705676 0.198378 0.707578 0.164183 0.628261 0.107972 0.563184 0.037056 0.530626 0.023487 0.512397 0.000000 0.492515 0.000000
3 0.378629 0.450969 0.368174 0.419176 0.248827 0.332943 0.181838 0.307165 0.259654 0.366652 0.275718 0.405313 0.325477 0.441404 0.340422 0.474313 0.384964 0.483562 0.382709 0.493949 0.408167 0.492980 0.409657 0.500649 0.385690 0.509287 0.420504 0.512468 0.373697 0.524551 0.378924 0.540447 0.407765 0.523898 0.431350 0.524287 0.447433 0.541058 0.474009 0.545841 0.486346 0.565329 0.511804 0.564360 0.520767 0.588483 0.551089 0.590548 0.563799 0.611954 0.630798 0.626786 0.634524 0.645959 0.660355 0.646907 0.670829 0.656809 0.688030 0.679331 0.680537 0.684767 0.739308 0.690255 0.790607 0.679289 0.762903 0.679700 0.697404 0.661591 0.673476 0.626449 0.604241 0.600113 0.521179 0.546620 0.480010 0.532736 0.441489 0.488492 0.378629 0.450969
3 0.340602 0.695133 0.354057 0.720373 0.450613 0.755326 0.430038 0.737438 0.361549 0.714937 0.311809 0.656956 0.272896 0.632685 0.252714 0.594825 0.217165 0.576864 0.256794 0.637805 0.340602 0.695133
3 0.464832 0.762510 0.521338 0.789330 0.608481 0.885803 0.682188 0.935146 0.700880 0.965337 0.717727 0.964052 0.687071 0.916289 0.651532 0.887383 0.624211 0.878766 0.537813 0.786128 0.505628 0.774477 0.498528 0.759940 0.460351 0.750448 0.464832 0.762510
3 0.466715 0.750206 0.501146 0.762415 0.515376 0.758654 0.500411 0.747635 0.526251 0.737638 0.555828 0.735869 0.719842 0.689065 0.695512 0.684841 0.655815 0.700516 0.470471 0.736543 0.466715 0.750206
3 1.000000 0.647956 0.984943 0.634550 0.973695 0.653649 0.987523 0.680806 1.000000 0.670698 1.000000 0.647956
3 0.940726 0.681944 0.945600 0.674032 0.972558 0.669787 0.969204 0.652532 0.928399 0.651510 0.910423 0.657989 0.913405 0.673327 0.928762 0.664372 0.940726 0.681944
3 0.782379 0.669945 0.740818 0.676034 0.737818 0.682586 0.730345 0.666132 0.725834 0.686905 0.701122 0.691709 0.683156 0.687242 0.670417 0.698672 0.755411 0.685136 0.721706 0.698651 0.765512 0.693121 0.755774 0.697998 0.767002 0.700789 0.781987 0.689918 0.822802 0.679995 0.905540 0.676845 0.899567 0.657114 0.878228 0.657283 0.871481 0.666553 0.855006 0.669755 0.851643 0.663445 0.819075 0.660822 0.792480 0.677930 0.782379 0.669945
3 0.596279 0.713083 0.565575 0.720046 0.518405 0.719267 0.503048 0.728221 0.478718 0.723997 0.472746 0.704266 0.463743 0.723923 0.446905 0.714263 0.458516 0.708027 0.425194 0.712514 0.453280 0.703075 0.436814 0.695333 0.430067 0.704603 0.415093 0.704529 0.420339 0.698535 0.390380 0.709333 0.390762 0.700305 0.421094 0.691425 0.419603 0.683756 0.406874 0.684240 0.418485 0.678004 0.413641 0.653080 0.369835 0.658610 0.348486 0.669724 0.348868 0.660696 0.379573 0.653733 0.377709 0.644147 0.354870 0.647591 0.345877 0.656303 0.341778 0.635214 0.328676 0.633781 0.340660 0.629462 0.335050 0.622593 0.301355 0.625164 0.333187 0.613007 0.321213 0.606381 0.310347 0.616452 0.295373 0.616378 0.289763 0.609510 0.301374 0.603274 0.283036 0.596890 0.298765 0.589853 0.296902 0.580267 0.279682 0.579635 0.302148 0.574273 0.313367 0.588009 0.327243 0.560441 0.274455 0.563738 0.264334 0.577644 0.242250 0.573978 0.232885 0.580772 0.257186 0.617832 0.352585 0.690814 0.361549 0.714937 0.409837 0.721468 0.406836 0.728021 0.434902 0.740472 0.497037 0.752271 0.515395 0.736764 0.475335 0.739577 0.537116 0.727568 0.542726 0.734436 0.580167 0.729148 0.579049 0.723396 0.547600 0.726525 0.596279 0.713083
3 0.781212 0.718919 0.800688 0.709164 0.770366 0.707100 0.830657 0.687421 0.761393 0.693921 0.726579 0.690740 0.685765 0.700663 0.692463 0.746119 0.723903 0.753935 0.729120 0.780776 0.761679 0.794345 0.750813 0.804415 0.768033 0.805047 0.776251 0.825336 0.798336 0.829002 0.820754 0.878366 0.892971 0.920040 0.918429 0.919070 0.906111 0.877692 0.928215 0.859467 0.893813 0.814423 0.891243 0.757222 0.860175 0.751322 0.839601 0.733435 0.810024 0.735205 0.781212 0.718919
3 0.488408 0.773845 0.465568 0.777290 0.453575 0.792554 0.487546 0.901352 0.512985 0.922273 0.510729 0.932660 0.528695 0.937126 0.570589 0.976735 0.595675 0.973849 0.493548 0.888247 0.486840 0.853737 0.502569 0.846700 0.493978 0.824494 0.513454 0.814739 0.513101 0.790931 0.491016 0.787265 0.488408 0.773845
