3 0.376141 1.000000 0.417769 0.948950 0.424896 0.905210 0.463411 0.848210 0.467328 0.809220 0.542467 0.705680 0.539831 0.694261 0.556995 0.703328 0.571219 0.681001 0.590782 0.672476 0.577199 0.669598 0.587840 0.641083 0.662845 0.555613 0.712881 0.473904 0.742139 0.442093 0.760317 0.436894 0.789911 0.359905 0.819609 0.329996 0.839105 0.330507 0.836029 0.317185 0.851571 0.300568 0.860998 0.313425 0.849612 0.320063 0.870054 0.315344 0.862145 0.281088 0.869577 0.257323 0.889140 0.248798 0.884441 0.209792 0.904950 0.196037 0.933501 0.198466 0.919881 0.139471 0.876734 0.148430 0.867306 0.135573 0.845040 0.141716 0.793009 0.186802 0.800240 0.190144 0.815715 0.182562 0.839671 0.193068 0.845212 0.179762 0.865653 0.175042 0.873323 0.180287 0.870925 0.197879 0.855079 0.194522 0.863426 0.230680 0.843729 0.257277 0.853224 0.261099 0.799808 0.309512 0.790484 0.343736 0.770922 0.352262 0.738118 0.434001 0.706730 0.447261 0.681932 0.489068 0.665578 0.492843 0.650915 0.513266 0.635069 0.509909 0.644295 0.549874 0.604596 0.583093 0.590305 0.614455 0.539220 0.654312 0.529964 0.679501 0.520975 0.668547 0.508271 0.669475 0.515740 0.701827 0.450535 0.811093 0.446179 0.848179 0.414522 0.897582 0.400976 0.950822 0.370453 1.000000 0.376141 1.000000
3 0.378475 1.000000 0.411350 0.958450 0.418916 0.916613 0.370112 1.000000 0.378475 1.000000
3 0.951492 0.462916 0.940411 0.489528 0.915308 0.511359 0.915174 0.529431 0.896422 0.550798 0.878684 0.557900 0.882199 0.573125 0.855777 0.589247 0.815237 0.674778 0.796113 0.685206 0.806218 0.728977 0.756183 0.810686 0.728346 0.895288 0.688953 0.948482 0.698820 0.963242 0.712909 0.958987 0.721793 0.922859 0.746018 0.897222 0.776625 0.805966 0.826221 0.722354 0.810575 0.691890 0.835678 0.670058 0.839461 0.649140 0.888045 0.579793 0.927744 0.546574 0.939398 0.503793 0.985077 0.459171 0.989300 0.440156 0.951492 0.462916
3 0.641235 0.228858 0.589778 0.257776 0.598833 0.259694 0.592280 0.287266 0.586739 0.300572 0.563527 0.311944 0.567921 0.330975 0.512747 0.371776 0.509843 0.396500 0.482982 0.410720 0.484606 0.436403 0.460954 0.445873 0.457611 0.468694 0.435278 0.483873 0.427406 0.505735 0.406019 0.515684 0.372940 0.512296 0.374631 0.528944 0.422305 0.520944 0.391795 0.538010 0.417204 0.536153 0.418962 0.543765 0.395310 0.553235 0.401595 0.561806 0.364667 0.588372 0.364398 0.624515 0.333620 0.677725 0.334670 0.719577 0.287777 0.805571 0.338490 0.754776 0.412445 0.627454 0.409065 0.594158 0.451229 0.534312 0.468424 0.478225 0.500385 0.448796 0.554509 0.366143 0.607047 0.313924 0.614613 0.272087 0.667083 0.228904 0.692559 0.218011 0.641235 0.228858
3 0.277040 0.358040 0.275015 0.386571 0.221770 0.473030 0.210353 0.544821 0.235524 0.513953 0.238562 0.471157 0.264239 0.433157 0.286096 0.359958 0.339512 0.311545 0.351032 0.286836 0.277040 0.358040
3 0.493315 0.000000 0.489447 0.028372 0.442182 0.103428 0.401812 0.227005 0.361100 0.274489 0.361912 0.287331 0.392928 0.263132 0.393502 0.246964 0.418166 0.223229 0.459414 0.103459 0.480868 0.084474 0.501578 0.043612 0.508247 0.000000 0.493315 0.000000
3 0.394313 0.259806 0.367825 0.284964 0.376813 0.295918 0.560787 0.253444 0.603428 0.251618 0.623936 0.237863 0.455065 0.261816 0.427325 0.272229 0.399653 0.273607 0.408842 0.257454 0.394313 0.259806
3 0.870248 0.166966 0.888291 0.179838 0.903967 0.145150 0.871834 0.136532 0.870248 0.166966
3 0.824837 0.175445 0.807166 0.173511 0.810681 0.188736 0.829737 0.187343 0.866599 0.169813 0.862645 0.152685 0.836290 0.159772 0.828620 0.154527 0.824837 0.175445
3 0.721684 0.204271 0.680361 0.211807 0.662250 0.207970 0.653128 0.215087 0.664008 0.215582 0.621740 0.228347 0.658028 0.226985 0.574877 0.249189 0.591163 0.254449 0.605759 0.243062 0.630288 0.237399 0.642859 0.254541 0.642993 0.236470 0.648399 0.241235 0.688843 0.229894 0.694823 0.218491 0.726077 0.223302 0.754762 0.207659 0.755269 0.200527 0.771622 0.196751 0.781556 0.202476 0.801119 0.193950 0.798550 0.173496 0.721684 0.204271
3 0.342722 0.306795 0.322146 0.329586 0.327552 0.334351 0.286096 0.359958 0.287719 0.385642 0.230252 0.491117 0.223125 0.534856 0.234444 0.537254 0.253128 0.524923 0.268029 0.533510 0.317595 0.515051 0.293706 0.495510 0.289044 0.512622 0.266339 0.516862 0.281813 0.509280 0.279617 0.499765 0.262385 0.499734 0.276541 0.486443 0.263397 0.485469 0.265728 0.476913 0.279378 0.470755 0.293401 0.475535 0.301644 0.464612 0.267620 0.466453 0.299448 0.455096 0.301778 0.446540 0.289074 0.447469 0.300460 0.440831 0.295627 0.419897 0.307386 0.424198 0.329652 0.418056 0.327455 0.408540 0.296573 0.414668 0.292552 0.406576 0.316575 0.408045 0.358844 0.395280 0.353132 0.370540 0.339988 0.369566 0.351814 0.364831 0.350057 0.357219 0.318735 0.361443 0.314714 0.353351 0.346475 0.351030 0.339244 0.347688 0.352894 0.341530 0.362828 0.347255 0.374720 0.333484 0.345224 0.336285 0.377491 0.326831 0.364347 0.325857 0.375800 0.310183 0.392019 0.324479 0.389450 0.304025 0.409959 0.290270 0.427630 0.292204 0.470405 0.272306 0.501287 0.266179 0.451349 0.273699 0.481352 0.263765 0.480034 0.258056 0.443678 0.268454 0.441347 0.277010 0.380023 0.291168 0.417763 0.277444 0.394686 0.270744 0.342722 0.306795
3 0.656488 0.000000 0.639128 0.023883 0.638726 0.078097 0.620042 0.090429 0.620787 0.112306 0.605312 0.119888 0.619335 0.124669 0.595110 0.150306 0.601261 0.176949 0.575718 0.196878 0.588087 0.241128 0.629410 0.233592 0.659919 0.216526 0.725839 0.194292 0.662757 0.200837 0.689618 0.186618 0.667858 0.185628 0.687555 0.159031 0.715294 0.148618 0.726815 0.123909 0.752797 0.105884 0.731879 0.052582 0.744377 0.000000 0.656488 0.000000
3 0.370581 0.035769 0.348419 0.088994 0.333823 0.100382 0.340108 0.108953 0.325378 0.138412 0.338596 0.251622 0.355761 0.260688 0.378027 0.254545 0.374952 0.241224 0.393636 0.228892 0.384275 0.206999 0.362515 0.206010 0.361332 0.182229 0.344100 0.182198 0.336191 0.147943 0.394671 0.028203 0.370581 0.035769
