3 0.962948 0.705078 0.939871 0.696289 0.935675 0.657227 0.914696 0.653320 0.902108 0.631836 0.902108 0.596680 0.881129 0.596680 0.893716 0.600586 0.887423 0.615234 0.868541 0.602539 0.868541 0.588867 0.849660 0.593750 0.813995 0.571289 0.767841 0.502930 0.748959 0.501953 0.713295 0.477539 0.646161 0.409180 0.553852 0.342773 0.537069 0.317383 0.549657 0.311523 0.528677 0.307617 0.509796 0.289063 0.495110 0.301758 0.495110 0.290039 0.398606 0.206055 0.386018 0.168945 0.335668 0.122070 0.318885 0.081055 0.237066 0.017578 0.302101 0.083008 0.327276 0.131836 0.369235 0.172852 0.381822 0.208008 0.469935 0.299805 0.469935 0.333008 0.482523 0.331055 0.488817 0.318359 0.503502 0.340820 0.562244 0.368164 0.583223 0.395508 0.629378 0.418945 0.629378 0.459961 0.644063 0.453125 0.662945 0.469727 0.679728 0.469727 0.713295 0.504883 0.746862 0.510742 0.797212 0.583008 0.818191 0.586914 0.834974 0.618164 0.897912 0.653320 0.889520 0.659180 0.914696 0.680664 0.914696 0.717773 0.929381 0.710937 0.935675 0.727539 0.929381 0.734375 0.908402 0.734375 0.900010 0.722656 0.879031 0.738281 0.862247 0.734375 0.855954 0.739258 0.916794 0.771484 0.939871 0.772461 0.946164 0.757813 0.990221 0.756836 0.990221 0.696289 0.962948 0.705078
3 0.310493 0.073242 0.228674 0.007813 0.327276 0.112305 0.310493 0.073242
3 0.860150 0.334961 0.797212 0.278320 0.788820 0.258789 0.759449 0.243164 0.767841 0.209961 0.700707 0.139648 0.650357 0.057617 0.620986 0.038086 0.604203 0.004883 0.589517 0.003906 0.583223 0.020508 0.633574 0.063477 0.679728 0.139648 0.746862 0.208008 0.746862 0.252930 0.767841 0.258789 0.826583 0.333008 0.855954 0.342773 0.855954 0.358398 0.874835 0.361328 0.897912 0.377930 0.902108 0.395508 0.931479 0.411133 0.948262 0.434570 0.990221 0.448242 0.981829 0.430664 0.927283 0.397461 0.906304 0.358398 0.860150 0.334961
3 0.583223 0.618164 0.511894 0.549805 0.474131 0.528320 0.444760 0.477539 0.390214 0.428711 0.386018 0.395508 0.285318 0.288086 0.224478 0.250000 0.289514 0.323242 0.297905 0.364258 0.339864 0.409180 0.348256 0.444336 0.390214 0.461914 0.386018 0.471680 0.411193 0.475586 0.411193 0.483398 0.386018 0.487305 0.419585 0.497070 0.371333 0.500000 0.373431 0.516602 0.404900 0.505859 0.427977 0.510742 0.440564 0.530273 0.465739 0.540039 0.474131 0.561523 0.499306 0.565430 0.503502 0.590820 0.532873 0.598633 0.541265 0.622070 0.604203 0.649414 0.604203 0.668945 0.629378 0.674805 0.637769 0.686523 0.650357 0.711914 0.641965 0.715820 0.698609 0.732422 0.751057 0.731445 0.723784 0.726563 0.662945 0.696289 0.646161 0.657227 0.583223 0.618164
3 0.251751 0.586914 0.239164 0.545898 0.207695 0.521484 0.234968 0.588867 0.306297 0.661133 0.314689 0.688477 0.402802 0.741211 0.386018 0.719727 0.323081 0.684570 0.285318 0.618164 0.251751 0.586914
3 0.482523 0.788086 0.453152 0.770508 0.448956 0.754883 0.413291 0.738281 0.415389 0.750977 0.465739 0.788086 0.532873 0.899414 0.595811 0.961914 0.608398 0.995117 0.625182 0.997070 0.604203 0.944336 0.574832 0.909180 0.549657 0.895508 0.482523 0.788086
3 0.679728 0.727539 0.656651 0.718750 0.614692 0.726563 0.425879 0.726563 0.419585 0.739258 0.451054 0.757813 0.465739 0.756836 0.453152 0.743164 0.480425 0.738281 0.509796 0.742187 0.679728 0.727539
3 0.944067 0.770508 0.973437 0.754883 0.950360 0.724609 0.935675 0.741211 0.944067 0.770508
3 0.891618 0.730469 0.872737 0.733398 0.872737 0.749023 0.889520 0.743164 0.897912 0.762695 0.904206 0.755859 0.931479 0.756836 0.931479 0.739258 0.891618 0.730469
3 0.816093 0.734375 0.813995 0.727539 0.782526 0.718750 0.753155 0.730469 0.744764 0.720703 0.702805 0.718750 0.698609 0.724609 0.694413 0.707031 0.686022 0.726563 0.660847 0.726563 0.644063 0.718750 0.629378 0.727539 0.715393 0.730469 0.679728 0.737305 0.723784 0.740234 0.713295 0.743164 0.723784 0.748047 0.740568 0.740234 0.782526 0.738281 0.864345 0.750977 0.862247 0.730469 0.841268 0.726563 0.832876 0.734375 0.816093 0.734375
3 0.497208 0.738281 0.534971 0.740234 0.534971 0.734375 0.503502 0.731445 0.553852 0.727539 0.522383 0.728516 0.476229 0.718750 0.459446 0.724609 0.436369 0.715820 0.434271 0.695313 0.421683 0.712891 0.406998 0.700195 0.419585 0.696289 0.386018 0.694336 0.415389 0.690430 0.400704 0.679687 0.392312 0.687500 0.377627 0.684570 0.383920 0.679687 0.352452 0.684570 0.354549 0.675781 0.386018 0.672852 0.386018 0.665039 0.373431 0.663086 0.386018 0.659180 0.386018 0.633789 0.341962 0.630859 0.318885 0.637695 0.320983 0.628906 0.352452 0.627930 0.352452 0.618164 0.329374 0.617187 0.318885 0.624023 0.318885 0.602539 0.306297 0.598633 0.318885 0.596680 0.314689 0.588867 0.281122 0.584961 0.314689 0.579102 0.304199 0.570313 0.291612 0.578125 0.276926 0.575195 0.272730 0.567383 0.285318 0.563477 0.268534 0.553711 0.285318 0.549805 0.285318 0.540039 0.268534 0.536133 0.291612 0.535156 0.300003 0.550781 0.318885 0.526367 0.266437 0.519531 0.253849 0.531250 0.232870 0.523437 0.222380 0.528320 0.239164 0.569336 0.318885 0.659180 0.323081 0.684570 0.369235 0.700195 0.365039 0.706055 0.390214 0.723633 0.448956 0.747070 0.469935 0.735352 0.430075 0.730469 0.493013 0.730469 0.497208 0.738281
3 0.834974 0.827148 0.805603 0.815430 0.788820 0.793945 0.759449 0.790039 0.734274 0.768555 0.755253 0.762695 0.725882 0.754883 0.788820 0.747070 0.719588 0.740234 0.686022 0.730469 0.644063 0.732422 0.641965 0.778320 0.671336 0.791992 0.671336 0.819336 0.700707 0.838867 0.688120 0.846680 0.704903 0.850586 0.709099 0.872070 0.730078 0.879883 0.742666 0.932617 0.805603 0.987305 0.830779 0.991211 0.826583 0.948242 0.851758 0.934570 0.826583 0.883789 0.834974 0.827148
3 0.432173 0.817383 0.453152 0.811523 0.457348 0.788086 0.436369 0.780273 0.436369 0.766602 0.413291 0.765625 0.398606 0.778320 0.411193 0.891602 0.432173 0.916992 0.427977 0.926758 0.444760 0.934570 0.478327 0.981445 0.503502 0.983398 0.419585 0.879883 0.419585 0.844727 0.436369 0.840820 0.432173 0.817383
