1 0.800781 0.299936 0.810547 0.307988 0.798828 0.312014 0.798828 0.340195 0.850586 0.273767 0.855469 0.243572 0.811523 0.277793 0.800781 0.299936
1 0.493164 0.656235 0.766602 0.414676 0.771484 0.376429 0.794922 0.340195 0.651367 0.442858 0.465820 0.615975 0.334961 0.684417 0.299805 0.712599 0.278320 0.748833 0.211914 0.789092 0.104492 0.821300 0.080078 0.851495 0.087891 0.859547 0.151367 0.825326 0.243164 0.805196 0.368164 0.716625 0.493164 0.656235
1 0.203125 0.674352 0.215820 0.676365 0.222656 0.702534 0.226562 0.690456 0.214844 0.662274 0.204102 0.591819 0.203125 0.674352
1 0.416016 0.565650 0.400391 0.473053 0.387695 0.462988 0.394531 0.521365 0.416016 0.565650
1 0.431641 0.738768 0.449219 0.738768 0.495117 0.700521 0.498047 0.686430 0.442383 0.716625 0.431641 0.738768
1 0.287109 0.545521 0.300781 0.613962 0.308594 0.617988 0.294922 0.513313 0.274414 0.515326 0.273438 0.537469 0.287109 0.545521
1 0.292969 0.851495 0.388672 0.779027 0.372070 0.772989 0.281250 0.847469 0.292969 0.851495
1 0.194336 0.692469 0.137695 0.716625 0.086914 0.756885 0.072266 0.783053 0.078125 0.783053 0.141602 0.740781 0.204102 0.724677 0.208984 0.702534 0.194336 0.692469
1 0.499023 0.652209 0.764648 0.418702 0.774414 0.370390 0.854492 0.273767 0.873047 0.231494 0.799805 0.277793 0.789062 0.336169 0.776367 0.350260 0.645508 0.446884 0.479492 0.603897 0.448242 0.624027 0.434570 0.611949 0.426758 0.636105 0.325195 0.688443 0.278320 0.744807 0.215820 0.785066 0.110352 0.817274 0.080078 0.851495 0.087891 0.859547 0.141602 0.829352 0.245117 0.805196 0.362305 0.720651 0.499023 0.652209
0 0.579102 0.772989 0.684570 0.684417 0.710938 0.597858 0.763672 0.477079 0.769531 0.444871 0.761719 0.424741 0.807617 0.338182 0.813477 0.354286 0.836914 0.358312 0.836914 0.370390 0.840820 0.354286 0.844727 0.382468 0.868164 0.390520 0.921875 0.348247 0.941406 0.211364 0.943359 0.030195 0.909180 0.032208 0.895508 0.048312 0.776367 0.056364 0.629883 0.201299 0.538086 0.261689 0.497070 0.265715 0.450195 0.305975 0.422852 0.310001 0.372070 0.370390 0.338867 0.386494 0.270508 0.462988 0.237305 0.483118 0.215820 0.515326 0.200195 0.515326 0.183594 0.545521 0.192383 0.668313 0.143555 0.684417 0.139648 0.704547 0.100586 0.712599 0.090820 0.740781 0.073242 0.744807 0.075195 0.764937 0.064453 0.766950 0.070312 0.775001 0.062500 0.791105 0.062500 0.823313 0.079102 0.861560 0.110352 0.845456 0.120117 0.861560 0.141602 0.833378 0.209961 0.821300 0.271484 0.879677 0.309570 0.865586 0.407227 0.869612 0.424805 0.849482 0.579102 0.772989
