1 0.372487 0.829207 0.370771 0.841479 0.361003 0.833429 0.341317 0.848199 0.316110 0.897867 0.344818 0.887312 0.400151 0.823830 0.372487 0.829207
1 0.764912 0.020725 0.739931 0.050452 0.728812 0.162046 0.701962 0.234914 0.670494 0.262917 0.649538 0.302805 0.607323 0.444319 0.472790 0.659489 0.399405 0.819995 0.430501 0.790075 0.467114 0.777984 0.652060 0.463479 0.687489 0.329252 0.750582 0.189649 0.752827 0.095697 0.774307 0.026857 0.764912 0.020725
1 0.618901 0.187389 0.614502 0.175312 0.533672 0.192018 0.604882 0.189120 0.634782 0.195246 0.645893 0.189107 0.618901 0.187389
1 0.500848 0.392392 0.442239 0.396821 0.454542 0.407362 0.548419 0.405032 0.500848 0.392392
1 0.721337 0.387338 0.701651 0.402107 0.682632 0.462510 0.695905 0.456946 0.724691 0.404593 0.721337 0.387338
1 0.573856 0.282696 0.504063 0.282335 0.493550 0.270451 0.472000 0.275634 0.473937 0.296150 0.579298 0.289597 0.573856 0.282696
1 0.799346 0.218969 0.743563 0.322332 0.752659 0.337476 0.805534 0.229704 0.799346 0.218969
1 0.696237 0.026115 0.673344 0.045488 0.643514 0.103018 0.630609 0.163227 0.643284 0.175686 0.664089 0.166668 0.667971 0.102243 0.697355 0.031867 0.696237 0.026115
1 0.764912 0.020725 0.737097 0.056972 0.725605 0.166648 0.698010 0.235682 0.651626 0.292450 0.619629 0.402133 0.597408 0.414412 0.611873 0.425528 0.598075 0.460044 0.475624 0.652969 0.405745 0.799861 0.394335 0.815012 0.339081 0.836696 0.307608 0.917426 0.345564 0.891147 0.425132 0.794103 0.470693 0.775298 0.649226 0.469999 0.690323 0.322732 0.750955 0.191566 0.754915 0.085343 0.774307 0.026857 0.764912 0.020725
0 0.244326 1.000000 0.300891 0.988371 0.431533 0.943080 0.462781 0.882290 0.450405 0.860819 0.421995 0.862362 0.437058 0.855455 0.425202 0.857759 0.416778 0.835521 0.399852 0.832842 0.476062 0.771270 0.497313 0.775098 0.527811 0.763201 0.636309 0.688390 0.716246 0.645991 0.783066 0.525560 0.828713 0.359502 0.845119 0.338406 0.822534 0.243312 0.829098 0.203237 0.760055 0.153983 0.758867 0.084575 0.782432 0.058108 0.764761 0.051594 0.774606 0.017846 0.733894 0.008847 0.702278 0.014993 0.687961 0.025734 0.678939 0.021519 0.679012 0.032448 0.658880 0.034372 0.658282 0.052395 0.632481 0.067359 0.632030 0.107240 0.613016 0.114915 0.606524 0.165919 0.484311 0.180721 0.457839 0.202779 0.460820 0.218117 0.433303 0.245352 0.419879 0.281786 0.357834 0.363486 0.348361 0.399151 0.298771 0.460523 0.300036 0.488132 0.269460 0.541828 0.273334 0.582858 0.231570 0.684491 0.117248 0.855939 0.132077 0.974427 0.118878 0.990921 0.120094 1.000000 0.244326 1.000000
