1 0.782121 0.758516 0.758228 0.752613 0.752383 0.763839 0.746008 0.753213 0.718442 0.759073 0.794180 0.795888 0.824731 0.794387 0.782121 0.758516
1 0.285299 0.376910 0.250424 0.348381 0.210515 0.334900 0.157328 0.278315 0.103490 0.179937 0.068879 0.162334 0.062627 0.171650 0.109298 0.226625 0.148074 0.312230 0.260699 0.416084 0.345758 0.525797 0.638889 0.743036 0.677315 0.739860 0.717630 0.755252 0.587364 0.636179 0.379453 0.490680 0.285299 0.376910
1 0.267734 0.245862 0.268405 0.258699 0.244229 0.270826 0.256855 0.272136 0.281985 0.254814 0.348666 0.229658 0.267734 0.245862
1 0.512854 0.382454 0.457174 0.401278 0.418323 0.431500 0.505648 0.396965 0.512854 0.382454
1 0.255892 0.499971 0.302846 0.536915 0.317238 0.536851 0.276130 0.488681 0.252237 0.482777 0.255892 0.499971
1 0.411212 0.301226 0.347108 0.328829 0.344795 0.337308 0.444340 0.302171 0.438107 0.282530 0.416245 0.286179 0.411212 0.301226
1 0.206379 0.431623 0.114643 0.358273 0.113142 0.370573 0.203924 0.449118 0.206379 0.431623
1 0.218712 0.257281 0.241386 0.257453 0.248186 0.241032 0.212782 0.190651 0.162844 0.149350 0.134201 0.140463 0.135419 0.146194 0.189966 0.199495 0.218712 0.257281
1 0.720350 0.748684 0.703927 0.739195 0.582208 0.631285 0.394109 0.501542 0.367922 0.475160 0.376894 0.459276 0.351641 0.456656 0.279331 0.368195 0.214453 0.334063 0.162079 0.281299 0.108646 0.184831 0.068879 0.162334 0.062627 0.171650 0.103330 0.217910 0.148480 0.314141 0.255543 0.411190 0.350914 0.530691 0.634545 0.741962 0.683831 0.741470 0.794993 0.799709 0.840199 0.809069 0.779684 0.747054 0.720350 0.748684
0 1.000000 0.708343 0.991402 0.678091 0.819178 0.564941 0.741022 0.487706 0.728556 0.448424 0.679430 0.410944 0.669807 0.385034 0.600179 0.347919 0.577524 0.318789 0.488489 0.267828 0.461896 0.239535 0.425925 0.225217 0.422676 0.209933 0.389690 0.199972 0.271408 0.234099 0.245504 0.189686 0.225002 0.190051 0.209004 0.153516 0.179408 0.149823 0.171815 0.133466 0.152531 0.139562 0.148329 0.129473 0.141671 0.136878 0.124295 0.132585 0.092791 0.139281 0.058831 0.163472 0.081080 0.190691 0.067359 0.203591 0.099392 0.218747 0.125418 0.283101 0.081109 0.355417 0.102810 0.389741 0.119176 0.486101 0.142521 0.499109 0.249423 0.634131 0.357987 0.718879 0.448137 0.726674 0.577241 0.753144 0.609963 0.752179 0.628029 0.740352 0.722239 0.767251 0.707705 0.776331 0.708640 0.800093 0.696826 0.802604 0.713390 0.803077 0.686636 0.812757 0.683633 0.837357 0.736149 0.881105 0.874102 0.871750 1.000000 0.846405 1.000000 0.708343
