0 0.102282 0.000000 0.012158 0.390371 0.015926 0.395755 0.024198 0.394655 0.022105 0.416745 0.033485 0.423887 0.032052 0.443120 0.041529 0.449822 0.043864 0.474439 0.053379 0.476636 0.051946 0.495869 0.063326 0.503011 0.063796 0.522682 0.073273 0.529385 0.075646 0.549496 0.083220 0.555760 0.127322 0.677302 0.137345 0.694665 0.161463 0.698728 0.160067 0.713455 0.169507 0.724664 0.171765 0.758292 0.179885 0.775216 0.177830 0.792800 0.182918 0.792470 0.189680 0.819614 0.184555 0.824450 0.182500 0.842034 0.178034 0.844013 0.175979 0.861597 0.194160 0.891377 0.203955 0.935775 0.251531 0.946759 0.269471 0.929833 0.287030 0.957964 0.469106 1.000000 0.479049 1.000000 0.490810 0.986952 0.498422 0.988710 0.510576 0.979477 0.522109 0.968595 0.549360 0.902652 0.589704 0.866820 0.626623 0.785051 0.651971 0.718669 0.646997 0.705481 0.649053 0.687897 0.644663 0.680864 0.645398 0.668995 0.659456 0.660201 0.656969 0.653608 0.664733 0.637342 0.666788 0.619758 0.671914 0.614921 0.681733 0.581071 0.689422 0.573817 0.698505 0.551836 0.718182 0.479630 0.709555 0.447540 0.653299 0.335231 0.631578 0.273031 0.615922 0.245338 0.597271 0.195886 0.583366 0.186656 0.569271 0.199956 0.561430 0.225233 0.539533 0.259305 0.530373 0.290297 0.509871 0.309642 0.482112 0.360419 0.468753 0.361849 0.464871 0.369982 0.461724 0.366246 0.455317 0.372292 0.457144 0.381743 0.451283 0.398448 0.465848 0.404820 0.458084 0.421086 0.459911 0.430537 0.434981 0.447355 0.432646 0.422738 0.413691 0.409333 0.358883 0.351533 0.313386 0.244717 0.309034 0.233178 0.312408 0.209879 0.301218 0.180207 0.298883 0.155590 0.246738 0.008112 0.244494 0.000000 0.102282 0.000000
1 0.252063 0.883677 0.217719 0.811038 0.194285 0.725869 0.180456 0.707628 0.175406 0.703452 0.171562 0.707079 0.165625 0.732797 0.171765 0.758292 0.193448 0.824998 0.201644 0.832910 0.230242 0.908737 0.240925 0.923242 0.249552 0.955332 0.278098 0.961922 0.279418 0.956207 0.252063 0.883677
1 0.080313 0.372998 0.068742 0.388385 0.066725 0.401463 0.099965 0.379040 0.167954 0.305949 0.192415 0.269459 0.234078 0.227912 0.249645 0.190874 0.247818 0.181423 0.242109 0.180105 0.229181 0.205713 0.183711 0.246381 0.150319 0.286828 0.150167 0.304852 0.140500 0.320678 0.080313 0.372998
1 0.102282 0.000000 0.055038 0.204636 0.078776 0.253758 0.082430 0.272660 0.090626 0.280572 0.100218 0.273757 0.147718 0.293752 0.182354 0.256602 0.206586 0.247148 0.221341 0.230991 0.222076 0.219122 0.223282 0.226924 0.229105 0.214725 0.236134 0.210328 0.244012 0.180544 0.227696 0.155709 0.192184 0.070762 0.174839 0.000000 0.102282 0.000000
1 0.556182 0.621310 0.600941 0.514263 0.601017 0.505251 0.616470 0.481731 0.620466 0.460080 0.618169 0.430957 0.610595 0.424694 0.583382 0.486131 0.566890 0.557567 0.557806 0.579548 0.543013 0.600211 0.525163 0.681868 0.556182 0.621310
1 0.435898 0.790680 0.424442 0.792549 0.423122 0.798264 0.429415 0.805736 0.422159 0.837169 0.407949 0.863986 0.409117 0.876294 0.403331 0.883988 0.396075 0.915420 0.397902 0.924871 0.389554 0.934983 0.391381 0.944434 0.385520 0.961139 0.389288 0.966524 0.423377 0.918713 0.499853 0.743745 0.505017 0.734403 0.506882 0.739348 0.508899 0.726270 0.502530 0.727809 0.492241 0.741987 0.488283 0.759132 0.472170 0.785510 0.472094 0.794521 0.459902 0.808260 0.443434 0.801449 0.435898 0.790680
1 0.295351 0.800368 0.235074 0.787957 0.241989 0.797078 0.289566 0.808062 0.304866 0.802565 0.301136 0.792675 0.295351 0.800368
1 0.331952 0.680903 0.336265 0.696948 0.334286 0.705521 0.327296 0.705411 0.322132 0.714754 0.320001 0.741349 0.314216 0.749043 0.317946 0.758933 0.308203 0.783772 0.309408 0.791575 0.320281 0.783551 0.375874 0.672985 0.385694 0.639135 0.407667 0.596052 0.411004 0.577259 0.397682 0.574183 0.391275 0.580228 0.382775 0.608364 0.364836 0.625290 0.360142 0.654304 0.351794 0.664416 0.353037 0.667713 0.331952 0.680903
1 0.318519 0.917078 0.297077 0.897079 0.285621 0.898949 0.286750 0.915763 0.300731 0.915981 0.299374 0.926202 0.303142 0.931587 0.310754 0.933344 0.318519 0.917078
1 0.420736 0.704411 0.411804 0.708368 0.404586 0.735294 0.412896 0.729688 0.430987 0.694738 0.436075 0.694408 0.449586 0.674954 0.461740 0.665721 0.463757 0.652643 0.463212 0.641983 0.473031 0.608133 0.470506 0.606045 0.453772 0.630774 0.438244 0.663306 0.434286 0.680451 0.424035 0.690123 0.420736 0.704411
1 0.275839 0.928293 0.268265 0.922030 0.265969 0.892907 0.247674 0.876644 0.233997 0.840379 0.224557 0.829171 0.199728 0.758729 0.193625 0.728727 0.183602 0.711364 0.173465 0.707519 0.169355 0.742687 0.189211 0.799942 0.194882 0.805766 0.194146 0.817635 0.202964 0.827195 0.249552 0.955332 0.280001 0.962361 0.282640 0.950932 0.275839 0.928293
