0 0.458955 0.000000 0.436960 0.020508 0.425230 0.051758 0.404702 0.067383 0.375375 0.100586 0.337251 0.122070 0.304992 0.163086 0.269801 0.186523 0.243407 0.213867 0.228744 0.239258 0.202351 0.264648 0.190620 0.297852 0.140766 0.358398 0.052787 0.438477 0.026394 0.454102 0.023461 0.463867 0.005865 0.473633 0.002933 0.624023 0.008798 0.682617 0.002933 0.747070 0.002933 0.911133 0.008798 0.950195 0.080647 0.992188 0.086512 1.000000 0.545467 0.999023 0.633446 0.891602 0.656907 0.874023 0.724357 0.793945 0.750751 0.772461 0.768346 0.731445 0.818201 0.698242 0.835797 0.668945 0.862190 0.647461 0.917910 0.579102 0.966298 0.539062 0.983894 0.537109 0.994158 0.530273 0.997091 0.004883 0.992692 0.000000 0.458955 0.000000
1 0.467753 0.156250 0.456022 0.156250 0.445758 0.170898 0.432561 0.173828 0.428163 0.182617 0.419365 0.184570 0.419365 0.198242 0.428163 0.200195 0.439893 0.190430 0.451623 0.168945 0.463354 0.166992 0.467753 0.156250
1 0.441359 0.726562 0.407634 0.760742 0.407634 0.764648 0.425230 0.772461 0.445758 0.743164 0.460421 0.735352 0.447225 0.732422 0.441359 0.726562
1 0.595322 0.034180 0.592389 0.030273 0.615850 0.010742 0.611451 0.003906 0.599721 0.003906 0.580659 0.016602 0.577726 0.026367 0.568928 0.028320 0.568928 0.040039 0.545467 0.057617 0.548400 0.067383 0.541068 0.070312 0.538136 0.064453 0.533737 0.073242 0.522006 0.075195 0.535203 0.082031 0.542535 0.081055 0.546934 0.074219 0.557198 0.073242 0.554265 0.069336 0.595322 0.034180
1 0.712627 0.184570 0.715559 0.168945 0.736088 0.153320 0.771279 0.098633 0.803538 0.071289 0.818201 0.045898 0.826999 0.040039 0.825533 0.031250 0.803538 0.047852 0.791807 0.065430 0.724357 0.131836 0.724357 0.137695 0.689166 0.174805 0.677435 0.194336 0.659840 0.206055 0.662772 0.217773 0.677435 0.202148 0.687699 0.203125 0.700896 0.186523 0.712627 0.184570
1 0.583591 0.606445 0.583591 0.594727 0.573327 0.585938 0.567462 0.593750 0.549866 0.593750 0.527872 0.610352 0.501478 0.643555 0.489748 0.674805 0.495613 0.684570 0.510276 0.690430 0.510276 0.682617 0.533737 0.661133 0.545467 0.641602 0.583591 0.606445
1 0.653974 0.518555 0.653974 0.504883 0.665705 0.481445 0.677435 0.471680 0.692098 0.446289 0.721425 0.424805 0.718492 0.416992 0.727290 0.405273 0.762481 0.360352 0.785942 0.340820 0.794740 0.323242 0.815268 0.301758 0.832864 0.266602 0.865123 0.235352 0.888584 0.186523 0.900314 0.178711 0.913511 0.156250 0.903247 0.159180 0.891517 0.178711 0.868056 0.200195 0.856325 0.204102 0.853392 0.221680 0.821134 0.252930 0.800605 0.286133 0.774212 0.313477 0.733155 0.370117 0.645176 0.461914 0.615850 0.516602 0.598255 0.532227 0.583591 0.557617 0.571861 0.565430 0.577726 0.584961 0.590923 0.587891 0.595322 0.594727 0.604120 0.581055 0.604120 0.569336 0.639311 0.538086 0.653974 0.518555
1 0.596788 0.000000 0.583591 0.008789 0.539602 0.057617 0.519074 0.071289 0.480950 0.108398 0.334319 0.280273 0.290329 0.317383 0.278599 0.336914 0.252205 0.358398 0.237542 0.379883 0.199418 0.415039 0.161294 0.469727 0.087979 0.545898 0.041057 0.618164 0.032259 0.624023 0.032259 0.631836 0.002933 0.657227 0.002933 0.682617 0.055720 0.641602 0.061585 0.627930 0.079181 0.622070 0.082113 0.610352 0.093844 0.608398 0.082113 0.604492 0.099709 0.590820 0.102642 0.577148 0.134901 0.526367 0.193553 0.469727 0.205283 0.448242 0.246340 0.401367 0.302060 0.348633 0.316723 0.321289 0.331386 0.313477 0.357780 0.286133 0.375375 0.256836 0.442826 0.182617 0.530804 0.092773 0.548400 0.081055 0.577726 0.043945 0.592389 0.034180 0.604120 0.012695 0.615850 0.004883 0.614384 0.000000 0.596788 0.000000
1 0.265402 0.589844 0.306459 0.583984 0.329920 0.578125 0.334319 0.571289 0.312324 0.570312 0.171558 0.583984 0.101175 0.599609 0.051321 0.623047 0.005865 0.655273 0.000000 0.661133 0.002933 0.684570 0.049855 0.643555 0.101175 0.613281 0.186221 0.593750 0.265402 0.589844
1 0.458955 0.521484 0.442826 0.524414 0.458955 0.537109 0.529338 0.574219 0.570395 0.593750 0.580659 0.594727 0.583591 0.588867 0.564529 0.576172 0.473618 0.527344 0.458955 0.521484
1 0.467753 0.408203 0.394437 0.369141 0.379774 0.365234 0.375375 0.368164 0.417898 0.400391 0.467753 0.427734 0.527872 0.448242 0.542535 0.440430 0.494146 0.419922 0.488281 0.410156 0.467753 0.408203
1 0.642244 0.338867 0.637845 0.322266 0.633446 0.331055 0.627581 0.331055 0.614384 0.310547 0.608519 0.318359 0.601187 0.317383 0.590923 0.294922 0.586524 0.295898 0.589457 0.301758 0.582125 0.304688 0.567462 0.289062 0.555732 0.292969 0.546934 0.285156 0.514675 0.273438 0.511742 0.267578 0.497079 0.263672 0.441359 0.228516 0.423764 0.222656 0.407634 0.227539 0.410567 0.233398 0.404702 0.239258 0.409101 0.242188 0.429629 0.242188 0.441359 0.253906 0.491214 0.269531 0.508810 0.285156 0.532271 0.291016 0.552799 0.302734 0.576260 0.322266 0.656907 0.356445 0.662772 0.354492 0.662772 0.344727 0.655441 0.347656 0.642244 0.338867
1 0.483882 0.969727 0.491214 0.955078 0.470686 0.955078 0.416432 0.924805 0.419365 0.918945 0.410567 0.915039 0.410567 0.907227 0.419365 0.905273 0.419365 0.883789 0.429629 0.875000 0.467753 0.873047 0.470686 0.867188 0.488281 0.869141 0.500012 0.861328 0.524939 0.875977 0.538136 0.890625 0.561597 0.894531 0.577726 0.889648 0.565996 0.877930 0.571861 0.872070 0.514675 0.849609 0.494146 0.845703 0.441359 0.820312 0.429629 0.818359 0.388572 0.824219 0.378308 0.858398 0.381241 0.928711 0.426696 0.949219 0.511742 1.000000 0.533737 0.999023 0.507343 0.987305 0.511742 0.978516 0.502944 0.982422 0.483882 0.969727
1 0.375375 0.915039 0.316723 0.881836 0.239009 0.820312 0.215548 0.814453 0.171558 0.783203 0.133434 0.767578 0.109973 0.750000 0.068917 0.734375 0.067450 0.747070 0.090911 0.758789 0.102642 0.770508 0.102642 0.778320 0.114372 0.784180 0.117305 0.795898 0.156895 0.798828 0.161294 0.809570 0.181822 0.817383 0.187688 0.840820 0.202351 0.846680 0.202351 0.850586 0.181822 0.860352 0.184755 0.872070 0.224345 0.875000 0.231677 0.883789 0.228744 0.897461 0.234610 0.901367 0.224345 0.910156 0.206750 0.910156 0.200884 0.919922 0.193553 0.916992 0.199418 0.911133 0.192087 0.912109 0.186221 0.902344 0.165693 0.906250 0.142232 0.890625 0.121704 0.888672 0.115838 0.875000 0.083580 0.873047 0.073316 0.868164 0.071849 0.861328 0.027860 0.857422 0.019062 0.843750 0.005865 0.844727 0.005865 0.870117 0.013197 0.875000 0.042523 0.876953 0.063051 0.886719 0.107041 0.917969 0.202351 0.973633 0.221413 1.000000 0.307925 0.999023 0.334319 0.963867 0.366578 0.942383 0.378308 0.926758 0.375375 0.915039
1 0.419365 0.922852 0.403235 0.923828 0.395904 0.913086 0.398836 0.881836 0.407634 0.868164 0.401769 0.866211 0.422297 0.862305 0.395904 0.856445 0.395904 0.850586 0.407634 0.846680 0.398836 0.840820 0.403235 0.833984 0.432561 0.832031 0.453090 0.839844 0.458955 0.847656 0.480950 0.854492 0.470686 0.863281 0.511742 0.867188 0.516141 0.870117 0.513209 0.875977 0.523473 0.884766 0.535203 0.884766 0.544001 0.894531 0.554265 0.893555 0.557198 0.905273 0.567462 0.914062 0.579192 0.912109 0.589457 0.916992 0.576260 0.923828 0.544001 0.921875 0.539602 0.924805 0.544001 0.927734 0.582125 0.927734 0.590923 0.923828 0.595322 0.926758 0.586524 0.934570 0.590923 0.937500 0.604120 0.930664 0.612918 0.916992 0.609985 0.911133 0.627581 0.905273 0.630513 0.893555 0.642244 0.883789 0.630513 0.879883 0.636379 0.858398 0.640777 0.857422 0.648109 0.866211 0.645176 0.877930 0.649575 0.878906 0.656907 0.872070 0.653974 0.864258 0.677435 0.856445 0.680368 0.844727 0.689166 0.836914 0.670104 0.824219 0.658373 0.828125 0.659840 0.821289 0.633446 0.811523 0.633446 0.797852 0.623182 0.792969 0.607052 0.797852 0.607052 0.807617 0.592389 0.815430 0.595322 0.838867 0.577726 0.856445 0.592389 0.864258 0.585058 0.867188 0.573327 0.861328 0.564529 0.863281 0.549866 0.851562 0.536669 0.848633 0.538136 0.843750 0.530804 0.848633 0.532271 0.839844 0.545467 0.840820 0.535203 0.828125 0.514675 0.820312 0.488281 0.828125 0.483882 0.825195 0.489748 0.815430 0.485349 0.812500 0.464820 0.814453 0.438427 0.808594 0.419365 0.790039 0.412033 0.791016 0.401769 0.784180 0.398836 0.774414 0.417898 0.773438 0.422297 0.770508 0.417898 0.763672 0.385640 0.767578 0.373909 0.757812 0.362179 0.757812 0.359246 0.751953 0.338718 0.748047 0.326987 0.734375 0.307925 0.731445 0.302060 0.719727 0.294728 0.718750 0.280065 0.705078 0.259537 0.703125 0.253672 0.697266 0.247806 0.701172 0.241941 0.689453 0.240475 0.696289 0.233143 0.695312 0.228744 0.700195 0.237542 0.706055 0.240475 0.715820 0.258071 0.721680 0.261003 0.733398 0.268335 0.736328 0.274200 0.730469 0.284464 0.739258 0.291796 0.755859 0.309391 0.750000 0.307925 0.758789 0.318189 0.759766 0.347515 0.779297 0.353381 0.779297 0.366578 0.790039 0.362179 0.794922 0.381241 0.795898 0.378308 0.799805 0.387106 0.805664 0.381241 0.809570 0.375375 0.909180 0.391505 0.935547 0.400303 0.935547 0.401769 0.928711 0.409101 0.925781 0.413499 0.928711 0.404702 0.934570 0.412033 0.939453 0.439893 0.944336 0.439893 0.940430 0.429629 0.939453 0.422297 0.932617 0.419365 0.922852
1 0.934040 0.494141 0.920843 0.487305 0.934040 0.480469 0.895915 0.468750 0.887118 0.460938 0.863657 0.455078 0.812336 0.430664 0.812336 0.420898 0.793274 0.390625 0.768346 0.416992 0.759549 0.444336 0.769813 0.458984 0.803538 0.465820 0.802072 0.468750 0.775678 0.468750 0.780077 0.481445 0.807937 0.486328 0.816735 0.505859 0.819667 0.496094 0.890050 0.496094 0.907646 0.500000 0.954568 0.521484 0.961899 0.520508 0.970697 0.512695 0.956034 0.504883 0.944304 0.487305 0.934040 0.494141
1 0.456022 0.515625 0.438427 0.509766 0.384173 0.475586 0.356313 0.451172 0.337251 0.459961 0.337251 0.467773 0.328453 0.473633 0.332852 0.480469 0.356313 0.480469 0.351914 0.487305 0.356313 0.492188 0.368044 0.488281 0.403235 0.503906 0.535203 0.578125 0.558664 0.589844 0.580659 0.594727 0.583591 0.588867 0.573327 0.580078 0.505877 0.546875 0.456022 0.515625
1 0.847527 0.178711 0.847527 0.172852 0.825533 0.156250 0.805004 0.148438 0.796206 0.150391 0.781543 0.142578 0.753683 0.141602 0.753683 0.147461 0.790341 0.164062 0.828465 0.193359 0.860724 0.210938 0.868056 0.209961 0.873921 0.198242 0.856325 0.188477 0.856325 0.180664 0.847527 0.178711
1 0.727290 0.163086 0.749284 0.160156 0.752217 0.152344 0.775678 0.158203 0.805004 0.173828 0.857791 0.212891 0.869522 0.212891 0.914977 0.157227 0.950169 0.133789 0.964832 0.102539 0.953102 0.100586 0.958967 0.096680 0.954568 0.093750 0.938438 0.104492 0.936972 0.125000 0.928174 0.117188 0.914977 0.125977 0.907646 0.138672 0.892983 0.140625 0.887118 0.136719 0.884185 0.154297 0.878320 0.150391 0.872454 0.156250 0.866589 0.152344 0.860724 0.156250 0.854859 0.154297 0.848994 0.162109 0.843128 0.152344 0.831398 0.154297 0.821134 0.145508 0.825533 0.138672 0.832864 0.139648 0.832864 0.129883 0.821134 0.131836 0.821134 0.108398 0.816735 0.103516 0.810869 0.109375 0.805004 0.105469 0.802072 0.113281 0.797673 0.096680 0.802072 0.089844 0.809403 0.090820 0.809403 0.083008 0.802072 0.083984 0.800605 0.079102 0.807937 0.080078 0.812336 0.077148 0.809403 0.071289 0.818201 0.069336 0.821134 0.045898 0.832864 0.043945 0.825533 0.035156 0.800605 0.049805 0.797673 0.057617 0.768346 0.083008 0.727290 0.108398 0.733155 0.112305 0.714093 0.125000 0.705295 0.125000 0.700896 0.116211 0.693565 0.117188 0.680368 0.106445 0.677435 0.094727 0.633446 0.069336 0.612918 0.045898 0.601187 0.041992 0.601187 0.024414 0.611451 0.015625 0.624648 0.012695 0.620249 0.003906 0.596788 0.003906 0.580659 0.012695 0.568928 0.026367 0.568928 0.034180 0.557198 0.038086 0.536669 0.088867 0.544001 0.093750 0.560130 0.083008 0.561597 0.072266 0.587990 0.068359 0.593856 0.076172 0.602653 0.076172 0.629047 0.091797 0.652508 0.095703 0.659840 0.106445 0.670104 0.107422 0.683300 0.122070 0.697964 0.125977 0.697964 0.153320 0.665705 0.192383 0.640777 0.208984 0.631980 0.203125 0.618783 0.204102 0.646643 0.216797 0.668637 0.217773 0.680368 0.200195 0.714093 0.175781 0.724357 0.172852 0.727290 0.163086
1 0.431095 0.647461 0.400303 0.628906 0.369510 0.625977 0.400303 0.652344 0.444292 0.675781 0.467753 0.683594 0.494146 0.701172 0.501478 0.700195 0.498545 0.686523 0.464820 0.662109 0.432561 0.652344 0.431095 0.647461
1 0.177424 0.595703 0.250739 0.591797 0.321122 0.580078 0.332852 0.582031 0.340184 0.573242 0.309391 0.570312 0.294728 0.574219 0.183289 0.582031 0.109973 0.595703 0.054253 0.619141 0.002933 0.655273 0.000000 0.682617 0.005865 0.682617 0.061585 0.637695 0.098243 0.615234 0.115838 0.609375 0.177424 0.595703
