0 0.434174 0.000000 0.000000 0.116337 0.000000 0.550667 0.073506 0.817492 0.095252 0.841996 0.119630 0.853662 0.121652 0.861208 0.127976 0.856481 0.203743 0.878641 0.228932 0.882002 0.243096 0.878207 0.261456 0.884408 0.261303 0.889504 0.250125 0.887445 0.260693 0.909888 0.265653 0.894405 0.277842 0.900238 0.280875 0.911558 0.288057 0.915699 0.291796 0.940984 0.285978 0.947598 0.274647 0.950634 0.273178 0.962148 0.280207 0.971386 0.290174 0.957594 0.296746 0.982120 0.313132 0.997949 0.313869 1.000000 0.562053 1.000000 1.000000 0.882652 1.000000 0.445414 0.944515 0.238340 0.937333 0.234198 0.933899 0.198722 0.896492 0.059115 0.860782 0.050485 0.842479 0.004839 0.829480 0.007311 0.822166 0.000000 0.434174 0.000000
1 0.789404 0.407289 0.809633 0.426133 0.822986 0.430643 0.823291 0.420451 0.791330 0.380487 0.772217 0.343146 0.748954 0.312983 0.734943 0.311682 0.738329 0.329984 0.763919 0.357501 0.789404 0.407289
1 0.843255 0.823551 0.882904 0.869544 0.898279 0.881600 0.906624 0.884419 0.913453 0.881578 0.909915 0.868372 0.855397 0.812209 0.828996 0.792997 0.802396 0.761706 0.783530 0.753618 0.783072 0.768906 0.801480 0.792282 0.843255 0.823551
1 1.000000 0.658065 0.989162 0.642914 0.969438 0.625956 0.957707 0.604835 0.947034 0.604662 0.946071 0.618063 0.987236 0.669716 1.000000 0.692696 1.000000 0.658065
1 0.338987 0.641211 0.318757 0.622368 0.301561 0.614843 0.284164 0.595241 0.256800 0.589429 0.268885 0.617533 0.294780 0.634859 0.308333 0.651447 0.331395 0.669532 0.351930 0.678184 0.390872 0.710212 0.427287 0.732807 0.436291 0.732416 0.445447 0.726930 0.445600 0.721834 0.421221 0.710168 0.400486 0.689438 0.390472 0.686055 0.386933 0.672849 0.355678 0.646849 0.338987 0.641211
1 0.457837 0.744841 0.458037 0.756920 0.468052 0.760303 0.481099 0.775005 0.501634 0.783657 0.576181 0.846585 0.589534 0.851095 0.684110 0.920788 0.711826 0.933582 0.728212 0.949412 0.737063 0.954117 0.743892 0.951276 0.718808 0.925645 0.616544 0.849924 0.602991 0.833335 0.582962 0.826569 0.508921 0.765528 0.465324 0.738791 0.448986 0.740136 0.457837 0.744841
1 0.351079 0.312425 0.332166 0.287163 0.302427 0.266823 0.195719 0.151852 0.173162 0.135654 0.122994 0.084391 0.107161 0.087623 0.157683 0.145867 0.192782 0.174881 0.285937 0.273264 0.315675 0.293604 0.327407 0.314724 0.359673 0.344497 0.366044 0.356944 0.384757 0.370128 0.395983 0.389363 0.479734 0.463979 0.528081 0.519773 0.620025 0.602304 0.628370 0.605123 0.635199 0.602282 0.632672 0.592849 0.562274 0.522743 0.555902 0.510296 0.492886 0.456411 0.457587 0.415318 0.408125 0.378021 0.382840 0.340312 0.351079 0.312425
1 0.797074 0.826826 0.776740 0.830253 0.754784 0.850290 0.741126 0.855971 0.735813 0.864472 0.741374 0.885224 0.768738 0.891035 0.784570 0.887804 0.808348 0.863235 0.810322 0.853607 0.827318 0.849053 0.835463 0.839793 0.833441 0.832247 0.815587 0.827932 0.804256 0.830968 0.797074 0.826826
1 0.571304 0.000000 0.570502 0.003911 0.558008 0.008270 0.556692 0.014689 0.571866 0.014667 0.550216 0.024512 0.558609 0.044506 0.571962 0.049016 0.576921 0.033533 0.590226 0.020869 0.628368 0.004583 0.634497 0.000000 0.571304 0.000000
1 0.861957 0.292814 0.864179 0.312438 0.839543 0.328139 0.832915 0.343058 0.807974 0.368950 0.794468 0.369536 0.791941 0.360103 0.780410 0.351061 0.781220 0.342755 0.758158 0.324671 0.750270 0.306564 0.730441 0.311877 0.741362 0.341303 0.760581 0.356374 0.760476 0.378644 0.770996 0.383913 0.782222 0.403148 0.806295 0.425006 0.818990 0.432725 0.825819 0.429884 0.828356 0.382698 0.866649 0.361316 0.885372 0.317881 0.925182 0.302159 0.923265 0.272342 0.910065 0.262736 0.873745 0.274490 0.861957 0.292814
1 0.000000 0.524602 0.006989 0.523924 0.011138 0.516746 0.006893 0.489575 0.021209 0.480684 0.026674 0.467087 0.040838 0.463292 0.055306 0.449305 0.088488 0.448502 0.086113 0.433974 0.100935 0.426969 0.106400 0.413373 0.122385 0.405045 0.144999 0.381799 0.139438 0.361047 0.120067 0.351072 0.107725 0.350335 0.093257 0.364322 0.072111 0.376054 0.054104 0.376835 0.037614 0.383275 0.005748 0.377659 0.000000 0.379200 0.000000 0.524602
1 0.795421 0.000000 0.806866 0.030558 0.840038 0.086374 0.799923 0.112288 0.765320 0.141780 0.760513 0.152167 0.745539 0.164268 0.746445 0.190311 0.738300 0.199571 0.719787 0.198465 0.697126 0.204537 0.687311 0.213233 0.658985 0.220823 0.604753 0.267707 0.565849 0.309473 0.565744 0.331743 0.550770 0.343843 0.550465 0.354035 0.555978 0.357613 0.572974 0.353059 0.584000 0.360215 0.604134 0.344710 0.618297 0.340915 0.619260 0.327514 0.635398 0.314090 0.662409 0.312919 0.683554 0.301187 0.695390 0.300038 0.692815 0.273430 0.703592 0.251333 0.729087 0.244502 0.745272 0.248253 0.759436 0.244458 0.784119 0.245932 0.787610 0.241964 0.777195 0.214424 0.758787 0.191048 0.817921 0.168127 0.836691 0.141866 0.855156 0.125797 0.870378 0.142950 0.871284 0.168993 0.881299 0.172376 0.885343 0.187468 0.928024 0.244781 0.938439 0.272320 0.953814 0.284377 0.939460 0.219474 0.918019 0.184779 0.896177 0.125926 0.879286 0.108210 0.875747 0.095004 0.899725 0.082513 0.895481 0.055342 0.879143 0.056687 0.866496 0.066142 0.857645 0.061436 0.845408 0.038429 0.860887 0.028215 0.858865 0.020669 0.851531 0.021623 0.850520 0.017850 0.859523 0.017459 0.879505 0.007050 0.873334 0.006682 0.873986 0.000000 0.844029 0.000000 0.845665 0.011063 0.837320 0.008244 0.838124 0.000000 0.795421 0.000000
1 0.687877 0.776215 0.682869 0.774524 0.634713 0.787427 0.625557 0.792914 0.624594 0.806315 0.587969 0.828261 0.549380 0.803215 0.521463 0.778343 0.519441 0.770797 0.538716 0.746423 0.551058 0.747160 0.556218 0.743755 0.554349 0.731113 0.574836 0.722591 0.575293 0.707303 0.563104 0.701470 0.548130 0.713570 0.514138 0.722679 0.494509 0.740070 0.486011 0.742347 0.460975 0.733890 0.448432 0.721075 0.408679 0.697352 0.406657 0.689806 0.419810 0.682238 0.425933 0.665432 0.450921 0.656714 0.462557 0.643486 0.492200 0.629477 0.502825 0.612476 0.516989 0.608681 0.522454 0.595085 0.560595 0.578799 0.571220 0.561798 0.583409 0.567631 0.621036 0.606077 0.632214 0.608137 0.639043 0.605296 0.629639 0.581530 0.612948 0.575892 0.579470 0.530268 0.565612 0.523871 0.554891 0.506523 0.516960 0.478268 0.467602 0.418701 0.450405 0.411177 0.411463 0.379149 0.394371 0.349354 0.347236 0.309411 0.334493 0.284517 0.310115 0.272851 0.303744 0.260404 0.271983 0.232518 0.265612 0.220071 0.218982 0.182015 0.195719 0.151852 0.123499 0.086278 0.104329 0.088382 0.152323 0.137194 0.154850 0.146626 0.184589 0.166966 0.219888 0.208058 0.251143 0.234058 0.265202 0.252533 0.263886 0.258952 0.284926 0.269491 0.316181 0.295490 0.323563 0.311710 0.371404 0.365618 0.385263 0.372015 0.404176 0.397277 0.483578 0.466993 0.494298 0.484341 0.517360 0.502425 0.524237 0.516759 0.550638 0.535971 0.556503 0.546532 0.537027 0.558827 0.501109 0.594738 0.482291 0.603824 0.451026 0.634444 0.433219 0.647303 0.405398 0.656780 0.387591 0.669639 0.335143 0.638197 0.318252 0.620481 0.297717 0.611829 0.295695 0.604283 0.265451 0.582056 0.293931 0.569370 0.314770 0.567830 0.332577 0.554971 0.341380 0.542502 0.363537 0.534543 0.379827 0.516024 0.391158 0.512988 0.394648 0.509020 0.387571 0.482608 0.372549 0.477534 0.361219 0.480570 0.349077 0.491911 0.329248 0.497224 0.299806 0.523312 0.289534 0.547295 0.275723 0.558073 0.215626 0.594396 0.199336 0.612915 0.177180 0.620874 0.166049 0.635988 0.146221 0.641301 0.111923 0.660602 0.100945 0.670620 0.100487 0.685908 0.082175 0.696881 0.069833 0.696144 0.056681 0.703712 0.046714 0.717504 0.046914 0.729582 0.052427 0.733160 0.122739 0.712298 0.135691 0.692651 0.156025 0.689225 0.160985 0.673742 0.206918 0.641214 0.211220 0.628940 0.228369 0.619290 0.234339 0.607580 0.256495 0.599621 0.265547 0.616405 0.290936 0.631844 0.335239 0.672546 0.344748 0.674042 0.367305 0.690240 0.373170 0.700801 0.354505 0.704791 0.342364 0.716133 0.329011 0.711622 0.311509 0.714290 0.302858 0.721663 0.299215 0.730727 0.305081 0.741288 0.293445 0.754516 0.291471 0.764144 0.264460 0.765315 0.249486 0.777416 0.235065 0.808577 0.244164 0.842535 0.265662 0.837786 0.267789 0.823062 0.351759 0.796518 0.359398 0.785372 0.348220 0.783312 0.314428 0.804499 0.305577 0.799793 0.324395 0.790707 0.326674 0.770887 0.347009 0.767461 0.368459 0.745537 0.382117 0.739855 0.381564 0.720794 0.384549 0.714939 0.393047 0.712662 0.427793 0.734693 0.430320 0.744126 0.394201 0.767959 0.399209 0.769650 0.435528 0.757896 0.442510 0.749959 0.469063 0.764076 0.473612 0.781055 0.447002 0.806383 0.451351 0.811284 0.482053 0.818223 0.490551 0.815945 0.501987 0.790639 0.574664 0.840925 0.564192 0.852830 0.542036 0.860789 0.538240 0.874949 0.501663 0.914069 0.482693 0.928251 0.482387 0.938443 0.493919 0.947486 0.505602 0.951432 0.519260 0.945751 0.525736 0.935927 0.546376 0.922309 0.557001 0.905308 0.590993 0.896199 0.608094 0.869375 0.630803 0.880477 0.632320 0.886137 0.680266 0.917774 0.659779 0.926297 0.636307 0.940674 0.629831 0.950498 0.603020 0.963748 0.591384 0.976976 0.580559 0.981898 0.573931 0.996817 0.669079 0.972334 0.677729 0.964961 0.675707 0.957414 0.686027 0.950605 0.690634 0.928140 0.712837 0.937355 0.715365 0.946788 0.732561 0.954312 0.746725 0.950517 0.645778 0.868377 0.624737 0.857838 0.632377 0.846692 0.658882 0.843634 0.675525 0.832098 0.673303 0.812473 0.691615 0.801500 0.687877 0.776215
1 1.000000 0.657615 0.996039 0.657247 0.953863 0.601821 0.946281 0.573523 0.939099 0.569381 0.942237 0.558430 0.928884 0.553920 0.930200 0.547501 0.938192 0.543338 0.935770 0.511634 0.929751 0.506170 0.919937 0.514866 0.904763 0.514888 0.878515 0.490579 0.873508 0.488888 0.866526 0.496825 0.858028 0.499102 0.853173 0.492315 0.848519 0.497606 0.793887 0.520332 0.778407 0.530546 0.772236 0.530178 0.764950 0.548306 0.729641 0.563833 0.724682 0.579316 0.717500 0.575175 0.708344 0.580661 0.713904 0.601413 0.738082 0.601001 0.734944 0.611952 0.745865 0.641378 0.742374 0.645346 0.725531 0.644805 0.717491 0.631794 0.715669 0.636326 0.681676 0.645434 0.680713 0.658835 0.662401 0.669808 0.666445 0.684901 0.683336 0.702617 0.682020 0.709036 0.695373 0.713546 0.697900 0.722979 0.707410 0.724475 0.751512 0.753098 0.761727 0.768559 0.771389 0.764960 0.779734 0.767779 0.795815 0.793800 0.828386 0.813381 0.834757 0.825828 0.856303 0.838253 0.883409 0.871430 0.901617 0.882728 0.910620 0.882337 0.905060 0.861585 0.867939 0.825025 0.884229 0.806506 0.891516 0.788377 0.905832 0.779486 0.935580 0.743207 0.945900 0.736398 0.966740 0.734858 0.983230 0.728417 0.992034 0.715948 1.000000 0.712980 1.000000 0.657615
