0 0.010264 0.000000 0.005865 0.006836 0.002933 0.278320 0.005865 0.696289 0.020528 0.725586 0.041057 0.743164 0.041057 0.750977 0.048388 0.748047 0.115838 0.789062 0.139299 0.798828 0.153963 0.798828 0.170092 0.809570 0.168626 0.814453 0.158361 0.809570 0.162760 0.833984 0.171558 0.820312 0.181822 0.829102 0.181822 0.840820 0.187688 0.846680 0.184755 0.872070 0.177424 0.876953 0.165693 0.876953 0.161294 0.887695 0.165693 0.898438 0.178890 0.887695 0.178890 0.913086 0.190620 0.932617 0.193553 0.967773 0.187688 0.971680 0.187688 0.999023 0.912045 0.999023 0.925242 0.986328 0.975096 0.968750 0.994158 0.956055 0.997091 0.942383 0.997091 0.362305 0.991226 0.356445 0.997091 0.321289 0.997091 0.176758 0.964832 0.159180 0.958967 0.110352 0.945770 0.109375 0.938438 0.096680 0.941371 0.090820 0.932573 0.063477 0.938438 0.045898 0.935506 0.032227 0.929641 0.032227 0.929641 0.043945 0.925242 0.044922 0.901781 0.000000 0.010264 0.000000
1 0.788875 0.383789 0.775678 0.378906 0.774212 0.397461 0.791807 0.430664 0.803538 0.485352 0.818201 0.508789 0.829931 0.516602 0.832864 0.506836 0.812336 0.459961 0.803538 0.418945 0.788875 0.383789
1 0.724357 0.831055 0.708228 0.818359 0.703829 0.833008 0.715559 0.860352 0.747818 0.901367 0.774212 0.956055 0.785942 0.971680 0.793274 0.976562 0.800605 0.975586 0.800605 0.961914 0.762481 0.893555 0.741953 0.868164 0.724357 0.831055
1 0.914977 0.719727 0.904713 0.716797 0.900314 0.729492 0.926708 0.790039 0.941371 0.848633 0.967765 0.893555 0.973630 0.915039 0.985360 0.916992 0.985360 0.897461 0.935506 0.764648 0.920843 0.743164 0.914977 0.719727
1 0.354847 0.657227 0.346049 0.651367 0.346049 0.637695 0.322588 0.604492 0.307925 0.594727 0.293262 0.571289 0.278599 0.559570 0.266868 0.536133 0.241941 0.523438 0.246340 0.553711 0.266868 0.577148 0.275666 0.596680 0.293262 0.620117 0.310858 0.633789 0.340184 0.674805 0.369510 0.706055 0.378308 0.708008 0.388572 0.705078 0.390038 0.700195 0.369510 0.682617 0.354847 0.657227
1 0.495613 0.836914 0.439893 0.758789 0.404702 0.721680 0.388572 0.718750 0.395904 0.725586 0.392971 0.737305 0.401769 0.743164 0.410567 0.760742 0.428163 0.774414 0.483882 0.854492 0.495613 0.862305 0.568928 0.954102 0.592389 0.973633 0.604120 0.993164 0.611451 1.000000 0.618783 0.999023 0.601187 0.967773 0.522006 0.868164 0.513209 0.848633 0.495613 0.836914
1 0.504411 0.456055 0.480950 0.407227 0.442826 0.358398 0.428163 0.315430 0.404702 0.280273 0.392971 0.250977 0.369510 0.223633 0.296195 0.084961 0.278599 0.063477 0.243407 0.000977 0.227278 0.000000 0.261003 0.069336 0.287397 0.106445 0.351914 0.225586 0.375375 0.252930 0.381241 0.276367 0.404702 0.313477 0.407634 0.327148 0.422297 0.344727 0.428163 0.366211 0.489748 0.459961 0.522006 0.526367 0.589457 0.629883 0.596788 0.634766 0.604120 0.633789 0.604120 0.624023 0.554265 0.538086 0.551333 0.524414 0.504411 0.456055
1 0.736088 0.915039 0.736088 0.907227 0.719958 0.898438 0.708228 0.898438 0.702363 0.892578 0.681834 0.890625 0.655441 0.904297 0.640777 0.906250 0.633446 0.913086 0.633446 0.934570 0.658373 0.947266 0.674503 0.948242 0.703829 0.930664 0.708228 0.921875 0.725823 0.921875 0.736088 0.915039
1 0.774212 0.045898 0.780077 0.028320 0.771279 0.014648 0.752217 0.000000 0.733155 0.002930 0.730222 0.018555 0.706761 0.028320 0.712627 0.032227 0.708228 0.037109 0.699430 0.033203 0.696497 0.039062 0.683300 0.040039 0.680368 0.045898 0.695031 0.049805 0.671570 0.053711 0.674503 0.075195 0.686233 0.083008 0.695031 0.069336 0.711160 0.060547 0.752217 0.054688 0.774212 0.045898
1 0.306459 0.953125 0.285930 0.937500 0.253672 0.937500 0.227278 0.953125 0.203817 0.953125 0.184755 0.985352 0.186221 1.000000 0.280065 0.998047 0.304992 0.979492 0.309391 0.970703 0.341650 1.000000 0.360712 0.999023 0.351914 0.985352 0.328453 0.969727 0.325521 0.956055 0.306459 0.953125
1 0.961899 0.418945 0.967765 0.389648 0.957500 0.376953 0.919376 0.378906 0.903247 0.393555 0.900314 0.413086 0.872454 0.421875 0.862190 0.434570 0.831398 0.453125 0.818201 0.450195 0.818201 0.440430 0.809403 0.428711 0.812336 0.420898 0.794740 0.397461 0.791807 0.377930 0.771279 0.377930 0.774212 0.409180 0.788875 0.428711 0.783010 0.450195 0.791807 0.458008 0.797673 0.479492 0.815268 0.506836 0.825533 0.517578 0.832864 0.516602 0.847527 0.471680 0.890050 0.460938 0.919376 0.423828 0.961899 0.418945
1 0.051321 0.345703 0.065984 0.345703 0.083580 0.335938 0.115838 0.343750 0.117305 0.329102 0.133434 0.326172 0.142232 0.314453 0.159828 0.310547 0.187688 0.293945 0.187688 0.272461 0.171558 0.257812 0.159828 0.253906 0.142232 0.263672 0.118771 0.269531 0.101175 0.265625 0.083580 0.267578 0.054253 0.253906 0.045456 0.253906 0.033725 0.277344 0.021995 0.277344 0.013197 0.271484 0.008798 0.274414 0.011730 0.305664 0.002933 0.317383 0.002933 0.379883 0.005865 0.393555 0.017596 0.395508 0.023461 0.389648 0.026394 0.362305 0.042523 0.357422 0.051321 0.345703
1 0.967765 0.219727 0.967765 0.206055 0.994158 0.200195 0.997091 0.172852 0.980961 0.169922 0.966298 0.175781 0.958967 0.168945 0.953102 0.143555 0.970697 0.137695 0.970697 0.129883 0.963366 0.128906 0.963366 0.125000 0.972164 0.126953 0.994158 0.122070 0.988293 0.120117 0.994158 0.104492 0.986827 0.105469 0.978029 0.099609 0.972164 0.107422 0.961899 0.104492 0.960433 0.117188 0.953102 0.112305 0.956034 0.104492 0.947236 0.094727 0.954568 0.093750 0.956034 0.088867 0.947236 0.086914 0.944304 0.079102 0.956034 0.075195 0.941371 0.069336 0.938438 0.063477 0.944304 0.059570 0.935506 0.059570 0.932573 0.045898 0.942837 0.046875 0.944304 0.038086 0.954568 0.031250 0.966298 0.031250 0.973630 0.022461 0.963366 0.015625 0.939905 0.015625 0.934040 0.025391 0.917910 0.018555 0.912045 0.065430 0.917910 0.125977 0.935506 0.188477 0.890050 0.203125 0.848994 0.222656 0.841662 0.231445 0.824066 0.239258 0.818201 0.264648 0.807937 0.271484 0.790341 0.265625 0.766880 0.265625 0.755150 0.271484 0.725823 0.271484 0.661306 0.302734 0.612918 0.333008 0.607052 0.354492 0.589457 0.362305 0.586524 0.372070 0.590923 0.376953 0.608519 0.376953 0.617317 0.386719 0.640777 0.376953 0.655441 0.376953 0.659840 0.364258 0.678902 0.355469 0.705295 0.361328 0.728756 0.355469 0.740487 0.357422 0.744886 0.331055 0.761015 0.312500 0.787409 0.312500 0.802072 0.320312 0.816735 0.320312 0.840196 0.328125 0.844595 0.325195 0.841662 0.295898 0.829931 0.268555 0.892983 0.261719 0.917910 0.241211 0.939905 0.230469 0.950169 0.250977 0.944304 0.276367 0.953102 0.282227 0.953102 0.297852 0.979495 0.364258 0.982428 0.393555 0.994158 0.409180 0.997091 0.342773 0.985360 0.303711 0.979495 0.241211 0.967765 0.219727
1 0.564529 0.873047 0.583591 0.866211 0.586524 0.846680 0.607052 0.840820 0.609985 0.815430 0.605586 0.812500 0.555732 0.812500 0.545467 0.815430 0.541068 0.828125 0.500012 0.839844 0.469219 0.805664 0.448691 0.774414 0.448691 0.766602 0.473618 0.748047 0.485349 0.751953 0.491214 0.750000 0.492680 0.737305 0.514675 0.734375 0.519074 0.719727 0.508810 0.710938 0.491214 0.718750 0.456022 0.718750 0.432561 0.730469 0.423764 0.730469 0.401769 0.715820 0.392971 0.700195 0.360712 0.666992 0.360712 0.659180 0.375375 0.655273 0.385640 0.640625 0.412033 0.638672 0.426696 0.628906 0.458955 0.623047 0.473618 0.609375 0.488281 0.609375 0.497079 0.597656 0.538136 0.591797 0.552799 0.578125 0.563063 0.586914 0.589457 0.633789 0.599721 0.638672 0.607052 0.637695 0.604120 0.612305 0.589457 0.602539 0.568928 0.549805 0.557198 0.540039 0.551333 0.520508 0.522006 0.483398 0.489748 0.413086 0.475084 0.401367 0.445758 0.360352 0.436960 0.327148 0.401769 0.276367 0.395904 0.249023 0.375375 0.231445 0.372443 0.217773 0.348982 0.182617 0.346049 0.168945 0.310858 0.120117 0.296195 0.084961 0.243407 0.002930 0.224345 0.000000 0.258071 0.059570 0.258071 0.069336 0.281532 0.096680 0.304992 0.145508 0.328453 0.178711 0.337251 0.200195 0.334319 0.206055 0.351914 0.221680 0.375375 0.254883 0.378308 0.272461 0.410567 0.336914 0.422297 0.346680 0.434028 0.375977 0.492680 0.463867 0.498545 0.483398 0.516141 0.506836 0.519074 0.522461 0.539602 0.547852 0.542535 0.559570 0.520540 0.566406 0.476551 0.591797 0.456022 0.595703 0.417898 0.617188 0.397370 0.625000 0.368044 0.626953 0.347515 0.634766 0.304992 0.590820 0.293262 0.569336 0.275666 0.555664 0.275666 0.547852 0.252205 0.518555 0.282998 0.513672 0.303526 0.517578 0.324055 0.509766 0.335785 0.500000 0.359246 0.498047 0.379774 0.484375 0.391505 0.484375 0.395904 0.481445 0.395904 0.454102 0.382707 0.445312 0.370976 0.445312 0.356313 0.453125 0.335785 0.453125 0.300594 0.470703 0.284464 0.491211 0.268335 0.498047 0.200884 0.517578 0.180356 0.531250 0.156895 0.533203 0.142232 0.544922 0.121704 0.544922 0.083580 0.554688 0.070383 0.561523 0.065984 0.576172 0.045456 0.582031 0.033725 0.578125 0.019062 0.582031 0.005865 0.592773 0.002933 0.604492 0.007332 0.609375 0.080647 0.607422 0.098243 0.591797 0.118771 0.593750 0.127569 0.580078 0.180356 0.560547 0.187688 0.549805 0.206750 0.544922 0.215548 0.535156 0.239009 0.533203 0.243407 0.551758 0.263936 0.573242 0.296195 0.624023 0.304992 0.627930 0.322588 0.649414 0.325521 0.661133 0.306459 0.660156 0.291796 0.667969 0.280065 0.660156 0.262470 0.658203 0.252205 0.663086 0.246340 0.670898 0.249273 0.682617 0.234610 0.692383 0.230211 0.701172 0.203817 0.695312 0.186221 0.703125 0.164227 0.729492 0.164227 0.764648 0.186221 0.765625 0.192087 0.751953 0.280065 0.748047 0.290329 0.739258 0.280065 0.734375 0.241941 0.746094 0.234610 0.739258 0.255138 0.735352 0.262470 0.716797 0.282998 0.718750 0.309391 0.703125 0.324055 0.701172 0.328453 0.682617 0.332852 0.677734 0.341650 0.677734 0.369510 0.708008 0.369510 0.717773 0.328453 0.731445 0.332852 0.734375 0.370976 0.732422 0.379774 0.726562 0.401769 0.747070 0.401769 0.764648 0.369510 0.782227 0.372443 0.788086 0.400303 0.802734 0.409101 0.802734 0.426696 0.781250 0.483882 0.848633 0.470686 0.857422 0.447225 0.859375 0.439893 0.872070 0.394437 0.900391 0.372443 0.909180 0.369510 0.918945 0.378308 0.930664 0.388572 0.937500 0.403235 0.935547 0.412033 0.927734 0.435494 0.919922 0.450157 0.906250 0.485349 0.906250 0.508810 0.884766 0.527872 0.901367 0.527872 0.907227 0.565996 0.950195 0.544001 0.953125 0.517607 0.960938 0.508810 0.968750 0.479483 0.974609 0.464820 0.984375 0.453090 0.986328 0.442826 0.999023 0.541068 1.000000 0.551333 0.995117 0.551333 0.987305 0.563063 0.983398 0.573327 0.962891 0.592389 0.977539 0.592389 0.987305 0.607052 0.999023 0.621715 0.999023 0.545467 0.893555 0.527872 0.877930 0.538136 0.869141 0.564529 0.873047
1 0.803538 0.879883 0.819667 0.875000 0.857791 0.847656 0.869522 0.843750 0.890050 0.847656 0.907646 0.845703 0.919376 0.835938 0.939905 0.833984 0.944304 0.838867 0.941371 0.848633 0.967765 0.885742 0.978029 0.914062 0.985360 0.913086 0.991226 0.901367 0.973630 0.883789 0.976562 0.877930 0.953102 0.813477 0.960433 0.808594 0.986827 0.810547 0.997091 0.805664 0.997091 0.766602 0.975096 0.767578 0.951635 0.785156 0.938438 0.780273 0.912045 0.715820 0.912045 0.686523 0.906180 0.680664 0.912045 0.670898 0.900314 0.663086 0.903247 0.657227 0.912045 0.655273 0.917910 0.624023 0.913511 0.617188 0.901781 0.623047 0.887118 0.619141 0.868056 0.588867 0.863657 0.585938 0.854859 0.591797 0.846061 0.591797 0.843128 0.583984 0.837263 0.587891 0.778611 0.595703 0.761015 0.601562 0.755150 0.599609 0.743419 0.615234 0.705295 0.621094 0.696497 0.634766 0.690632 0.628906 0.680368 0.631836 0.680368 0.653320 0.703829 0.659180 0.697964 0.668945 0.700896 0.700195 0.696497 0.703125 0.680368 0.698242 0.675969 0.683594 0.673036 0.687500 0.637845 0.687500 0.633446 0.700195 0.612918 0.706055 0.612918 0.721680 0.624648 0.743164 0.621715 0.749023 0.633446 0.756836 0.633446 0.766602 0.642244 0.770508 0.677435 0.809570 0.683300 0.827148 0.693565 0.826172 0.700896 0.831055 0.709694 0.860352 0.736088 0.887695 0.739020 0.901367 0.756616 0.918945 0.774212 0.958008 0.788875 0.973633 0.797673 0.975586 0.797673 0.954102 0.771279 0.909180 0.791807 0.895508 0.803538 0.879883
