0 0.955078 0.815430 0.949219 0.768555 0.984375 0.620117 0.990234 0.262695 0.976562 0.000977 0.000977 0.000000 0.000000 0.993164 0.168945 1.000000 0.172852 0.984375 0.196289 0.984375 0.182617 1.000000 0.789062 0.999023 0.801758 0.951172 0.901367 0.955078 0.921875 0.936523 0.955078 0.815430
1 0.421875 0.348633 0.435547 0.333008 0.438477 0.080078 0.417969 0.186523 0.421875 0.348633
1 0.576172 0.262695 0.587891 0.266602 0.600586 0.000000 0.580078 0.000977 0.574219 0.208008 0.576172 0.262695
1 0.689453 0.922852 0.674805 0.892578 0.657227 0.919922 0.562500 0.907227 0.553711 0.732422 0.530273 0.916016 0.436523 0.908203 0.407227 0.878906 0.395508 0.906250 0.281250 0.909180 0.313477 0.929688 0.422852 0.935547 0.426758 0.953125 0.442383 0.937500 0.530273 0.939453 0.533203 0.999023 0.556641 0.999023 0.565430 0.939453 0.655273 0.943359 0.670898 0.984375 0.689453 0.922852
1 0.762695 0.685547 0.706055 0.671875 0.547852 0.671875 0.514648 0.658203 0.241211 0.664062 0.241211 0.466797 0.727539 0.468750 0.765625 0.456055 0.722656 0.434570 0.756836 0.410156 0.672852 0.388672 0.239258 0.359375 0.238281 0.063477 0.236328 0.041992 0.217773 0.037109 0.216797 0.356445 0.133789 0.343750 0.109375 0.370117 0.211914 0.390625 0.220703 0.420898 0.084961 0.427734 0.076172 0.448242 0.096680 0.464844 0.218750 0.465820 0.218750 0.668945 0.110352 0.664062 0.067383 0.681641 0.060547 0.704102 0.234375 0.717773 0.491211 0.705078 0.737305 0.716797 0.765625 0.702148 0.762695 0.685547
1 0.751953 0.860352 0.763672 0.991211 0.789062 0.999023 0.769531 0.026367 0.767578 0.000977 0.754883 0.000000 0.751953 0.860352
1 0.227539 0.705078 0.218750 0.999023 0.251953 0.999023 0.227539 0.705078
1 0.678711 0.841797 0.667969 0.872070 0.685547 0.874023 0.678711 0.841797
1 0.569336 0.470703 0.546875 0.624023 0.566406 0.653320 0.569336 0.470703
1 0.415039 0.703125 0.394531 0.709961 0.404297 0.913086 0.415039 0.703125
1 0.553711 0.718750 0.531250 0.999023 0.556641 0.999023 0.553711 0.718750
1 0.390625 0.485352 0.392578 0.604492 0.410156 0.625977 0.421875 0.612305 0.416992 0.474609 0.407227 0.498047 0.390625 0.485352
