1 0.533737 0.729492 0.557198 0.713867 0.580659 0.688477 0.579192 0.679688 0.565996 0.688477 0.560130 0.700195 0.548400 0.706055 0.501478 0.758789 0.492680 0.762695 0.489748 0.774414 0.495613 0.776367 0.513209 0.758789 0.513209 0.752930 0.533737 0.737305 0.533737 0.729492
1 0.673036 0.701172 0.656907 0.708008 0.648109 0.725586 0.615850 0.750977 0.609985 0.764648 0.560130 0.811523 0.551333 0.823242 0.557198 0.825195 0.592389 0.793945 0.627581 0.750977 0.668637 0.715820 0.673036 0.701172
1 0.397370 0.568359 0.373909 0.558594 0.356313 0.556641 0.315257 0.529297 0.299127 0.538086 0.304992 0.549805 0.321122 0.562500 0.341650 0.564453 0.356313 0.574219 0.397370 0.587891 0.428163 0.588867 0.428163 0.581055 0.417898 0.580078 0.403235 0.566406 0.397370 0.568359
1 0.463354 0.811523 0.478017 0.793945 0.473618 0.789062 0.457489 0.805664 0.447225 0.808594 0.412033 0.792969 0.391505 0.777344 0.385640 0.775391 0.378308 0.780273 0.390038 0.805664 0.438427 0.830078 0.476551 0.841797 0.500012 0.841797 0.538136 0.855469 0.605586 0.890625 0.618783 0.889648 0.621715 0.881836 0.564529 0.859375 0.549866 0.843750 0.463354 0.811523
1 0.872454 0.726562 0.846061 0.714844 0.813802 0.707031 0.799139 0.697266 0.790341 0.697266 0.717026 0.667969 0.693565 0.664062 0.640777 0.644531 0.634912 0.636719 0.596788 0.630859 0.479483 0.593750 0.447225 0.591797 0.442826 0.594727 0.500012 0.626953 0.523473 0.630859 0.544001 0.642578 0.599721 0.660156 0.614384 0.660156 0.655441 0.671875 0.687699 0.691406 0.731689 0.701172 0.837263 0.742188 0.916444 0.767578 0.923775 0.766602 0.935506 0.760742 0.941371 0.749023 0.904713 0.730469 0.872454 0.726562
1 0.816735 0.515625 0.847527 0.530273 0.824066 0.545898 0.783010 0.584961 0.775678 0.605469 0.860724 0.533203 0.931107 0.544922 0.986827 0.562500 0.997091 0.561523 1.000000 0.547852 0.992692 0.541016 0.931107 0.519531 0.910579 0.517578 0.846061 0.496094 0.799139 0.488281 0.778611 0.478516 0.761015 0.476562 0.690632 0.453125 0.629047 0.445312 0.621715 0.450195 0.621715 0.458008 0.637845 0.468750 0.673036 0.478516 0.674503 0.483398 0.633446 0.516602 0.598255 0.553711 0.574794 0.569336 0.571861 0.583008 0.560130 0.592773 0.564529 0.597656 0.615850 0.559570 0.624648 0.543945 0.653974 0.524414 0.671570 0.497070 0.684767 0.488281 0.705295 0.486328 0.722891 0.494141 0.746352 0.494141 0.759549 0.499023 0.750751 0.514648 0.739020 0.520508 0.677435 0.579102 0.659840 0.602539 0.662772 0.606445 0.692098 0.586914 0.727290 0.545898 0.775678 0.505859 0.816735 0.515625
1 0.894449 0.479492 0.885651 0.495117 0.885651 0.499023 0.891517 0.499023 0.994158 0.401367 1.000000 0.393555 0.995625 0.378906 0.894449 0.479492
1 0.931107 0.519531 0.910579 0.519531 0.895915 0.511719 0.851926 0.501953 0.846061 0.496094 0.822600 0.494141 0.818201 0.497070 0.822600 0.501953 0.843128 0.501953 0.846061 0.507812 0.863657 0.507812 0.865123 0.510742 0.856325 0.512695 0.863657 0.517578 0.890050 0.517578 0.891517 0.528320 0.916444 0.533203 0.912045 0.536133 0.916444 0.539062 0.948703 0.544922 0.983894 0.560547 0.994158 0.559570 1.000000 0.555664 0.997091 0.543945 0.957500 0.527344 0.931107 0.519531
1 0.722891 0.464844 0.712627 0.458008 0.759549 0.426758 0.791807 0.377930 0.803538 0.375977 0.805004 0.367188 0.790341 0.371094 0.785942 0.379883 0.768346 0.387695 0.699430 0.457031 0.675969 0.449219 0.658373 0.449219 0.643710 0.441406 0.633446 0.442383 0.630513 0.452148 0.637845 0.457031 0.652508 0.455078 0.658373 0.460938 0.673036 0.460938 0.673036 0.470703 0.696497 0.466797 0.708228 0.474609 0.722891 0.468750 0.733155 0.477539 0.744886 0.475586 0.741953 0.467773 0.731689 0.462891 0.722891 0.464844
1 0.929641 0.350586 0.936972 0.345703 0.954568 0.345703 0.995625 0.355469 1.000000 0.346680 0.992692 0.339844 0.969231 0.337891 0.966298 0.333984 0.948703 0.335938 0.925242 0.326172 0.887118 0.320312 0.828465 0.302734 0.813802 0.304688 0.803538 0.311523 0.810869 0.322266 0.840196 0.332031 0.881252 0.335938 0.907646 0.345703 0.912045 0.354492 0.897382 0.372070 0.844595 0.415039 0.835797 0.428711 0.794740 0.461914 0.785942 0.477539 0.766880 0.480469 0.755150 0.472656 0.747818 0.475586 0.752217 0.484375 0.783010 0.485352 0.806471 0.473633 0.879786 0.401367 0.917910 0.372070 0.929641 0.350586
1 0.878320 0.750000 0.859258 0.752930 0.862190 0.764648 0.853392 0.764648 0.806471 0.811523 0.794740 0.829102 0.800605 0.829102 0.856325 0.786133 0.876853 0.754883 0.882719 0.752930 0.878320 0.750000
1 0.727290 0.784180 0.727290 0.774414 0.747818 0.766602 0.744886 0.760742 0.777144 0.729492 0.781543 0.718750 0.753683 0.733398 0.715559 0.766602 0.683300 0.809570 0.627581 0.862305 0.627581 0.870117 0.631980 0.863281 0.653974 0.856445 0.677435 0.827148 0.727290 0.784180
0 0.973630 0.543945 0.978029 0.539062 0.989759 0.541016 0.997091 0.532227 0.997091 0.088867 0.992692 0.074219 0.958967 0.081055 0.961899 0.090820 0.973630 0.090820 0.961899 0.098633 0.967765 0.102539 0.963366 0.107422 0.954568 0.111328 0.931107 0.107422 0.914977 0.110352 0.920843 0.116211 0.912045 0.120117 0.903247 0.133789 0.875387 0.156250 0.865123 0.157227 0.862190 0.165039 0.844595 0.178711 0.841662 0.186523 0.847527 0.190430 0.832864 0.209961 0.859258 0.213867 0.850460 0.237305 0.843128 0.238281 0.829931 0.250977 0.783010 0.278320 0.744886 0.313477 0.741953 0.321289 0.721425 0.331055 0.665705 0.383789 0.646643 0.396484 0.636379 0.393555 0.633446 0.407227 0.614384 0.421875 0.602653 0.421875 0.590923 0.410156 0.573327 0.408203 0.552799 0.419922 0.554265 0.409180 0.544001 0.406250 0.539602 0.399414 0.545467 0.379883 0.535203 0.371094 0.522006 0.387695 0.527872 0.393555 0.522006 0.401367 0.511742 0.396484 0.497079 0.417969 0.492680 0.409180 0.485349 0.408203 0.478017 0.418945 0.470686 0.417969 0.451623 0.434570 0.457489 0.440430 0.453090 0.445312 0.447225 0.439453 0.429629 0.455078 0.414966 0.455078 0.409101 0.462891 0.400303 0.462891 0.376842 0.476562 0.351914 0.499023 0.343117 0.500977 0.337251 0.510742 0.321122 0.515625 0.299127 0.534180 0.302060 0.545898 0.297661 0.548828 0.288863 0.546875 0.288863 0.552734 0.282998 0.552734 0.280065 0.546875 0.269801 0.549805 0.266868 0.561523 0.272734 0.565430 0.262470 0.593750 0.252205 0.583008 0.261003 0.567383 0.250739 0.564453 0.237542 0.573242 0.237542 0.577148 0.244874 0.576172 0.249273 0.581055 0.252205 0.586914 0.246340 0.592773 0.252205 0.598633 0.239009 0.609375 0.234610 0.594727 0.227278 0.593750 0.222879 0.608398 0.202351 0.620117 0.196486 0.655273 0.175957 0.668945 0.181822 0.674805 0.178890 0.688477 0.164227 0.696289 0.164227 0.708008 0.155429 0.711914 0.149564 0.727539 0.153963 0.742188 0.159828 0.742188 0.165693 0.734375 0.186221 0.734375 0.195019 0.728516 0.202351 0.737305 0.193553 0.749023 0.212615 0.750000 0.217014 0.760742 0.189154 0.787109 0.175957 0.786133 0.189154 0.789062 0.189154 0.792969 0.165693 0.796875 0.159828 0.777344 0.158361 0.791992 0.145165 0.800781 0.139299 0.792969 0.123170 0.799805 0.120237 0.809570 0.124636 0.812500 0.133434 0.806641 0.134901 0.815430 0.120237 0.817383 0.126103 0.821289 0.117305 0.827148 0.117305 0.840820 0.105574 0.842773 0.117305 0.852539 0.117305 0.858398 0.093844 0.860352 0.096776 0.846680 0.092378 0.839844 0.079181 0.858398 0.082113 0.872070 0.102642 0.875977 0.099709 0.893555 0.093844 0.893555 0.096776 0.887695 0.092378 0.884766 0.085046 0.887695 0.090911 0.893555 0.085046 0.895508 0.082113 0.913086 0.092378 0.912109 0.102642 0.918945 0.071849 0.923828 0.065984 0.910156 0.055720 0.924805 0.087979 0.934570 0.063051 0.935547 0.051321 0.941406 0.039590 0.935547 0.029326 0.940430 0.038124 0.950195 0.014663 0.981445 0.011730 0.999023 0.997091 0.999023 0.997091 0.563477 0.976562 0.551758 0.985360 0.547852 0.973630 0.543945
