1 0.551740 0.230313 0.551961 0.242391 0.559655 0.248176 0.593512 0.310114 0.603623 0.318462 0.606702 0.331200 0.617584 0.342732 0.620990 0.334498 0.603841 0.304481 0.584497 0.283979 0.586254 0.276367 0.569767 0.256524 0.571085 0.250815 0.557894 0.229729 0.551740 0.230313
1 0.622731 0.196590 0.628667 0.209987 0.666699 0.266876 0.669338 0.281517 0.695059 0.313513 0.699677 0.332620 0.713855 0.342909 0.712864 0.327646 0.680768 0.284155 0.656145 0.234372 0.628885 0.196006 0.622731 0.196590
1 0.419772 0.391275 0.376692 0.395361 0.360208 0.401578 0.339766 0.398863 0.321194 0.407605 0.312843 0.417704 0.326582 0.429896 0.372737 0.412489 0.390321 0.414544 0.415378 0.410306 0.420653 0.413528 0.438016 0.403505 0.448237 0.404863 0.449994 0.397251 0.419772 0.391275
1 0.690751 0.143138 0.617121 0.162221 0.576899 0.166966 0.554039 0.161688 0.514256 0.164531 0.461616 0.177434 0.444475 0.199535 0.450520 0.205942 0.456674 0.205358 0.480191 0.194752 0.517996 0.187444 0.527338 0.192607 0.539319 0.212412 0.544704 0.208643 0.534371 0.188217 0.625915 0.176278 0.643717 0.164352 0.704490 0.155331 0.703390 0.147059 0.690751 0.143138
1 0.965962 0.332959 0.883099 0.339887 0.771004 0.356103 0.725946 0.355723 0.690120 0.367497 0.647480 0.369679 0.633192 0.366381 0.574946 0.370974 0.552308 0.377775 0.528570 0.376303 0.465600 0.394840 0.469227 0.398684 0.501098 0.404038 0.623744 0.394267 0.662209 0.397134 0.669682 0.390841 0.725510 0.383685 0.749248 0.385156 0.827275 0.373103 0.835847 0.375082 0.852331 0.368865 0.885521 0.368509 0.913874 0.363028 0.946185 0.366479 0.986077 0.356646 0.982998 0.343908 0.972886 0.335560 0.965962 0.332959
1 0.678809 0.436045 0.690682 0.462840 0.737507 0.533786 0.747619 0.542134 0.752677 0.559337 0.738720 0.561126 0.715860 0.555849 0.696958 0.559503 0.677395 0.552982 0.666514 0.541449 0.655520 0.510848 0.631339 0.485221 0.626281 0.468017 0.584843 0.419363 0.579459 0.423131 0.588692 0.435285 0.588474 0.449266 0.607819 0.469768 0.633760 0.513843 0.666296 0.555431 0.663768 0.559858 0.627282 0.561457 0.609150 0.568296 0.607392 0.575908 0.613438 0.582315 0.675202 0.588556 0.749053 0.581552 0.766637 0.583607 0.788836 0.578710 0.836313 0.581653 0.904010 0.575232 0.924451 0.577947 0.989291 0.570867 0.997949 0.565850 0.998190 0.551875 0.988409 0.548614 0.930163 0.553207 0.858948 0.548793 0.792338 0.459248 0.794868 0.480880 0.826085 0.528177 0.845430 0.548679 0.812132 0.556025 0.769930 0.556305 0.731789 0.506407 0.706726 0.458526 0.682545 0.432899 0.678809 0.436045
1 0.875547 0.587704 0.874669 0.591510 0.879726 0.608714 0.955682 0.729481 0.963240 0.716193 0.959305 0.707266 0.881262 0.589024 0.875547 0.587704
1 0.985112 0.549857 0.947308 0.557166 0.914558 0.555618 0.909612 0.557483 0.913239 0.561327 0.887853 0.560478 0.884007 0.570615 0.858290 0.564677 0.850048 0.567786 0.858181 0.571668 0.856094 0.574193 0.838949 0.570234 0.834773 0.575284 0.814771 0.570666 0.809387 0.574434 0.813014 0.578278 0.836313 0.581653 0.843346 0.577263 0.888404 0.577643 0.904449 0.573329 0.924451 0.577947 0.951926 0.576272 0.994236 0.569002 0.999707 0.558238 0.994893 0.553118 0.985112 0.549857
1 0.710148 0.580589 0.697179 0.571581 0.683992 0.576554 0.662011 0.567471 0.659814 0.576986 0.645527 0.573688 0.638494 0.578077 0.624646 0.572876 0.616404 0.575984 0.617065 0.586159 0.626846 0.589420 0.642891 0.585106 0.660036 0.589064 0.684653 0.586729 0.736206 0.669791 0.751593 0.681362 0.753902 0.690915 0.767311 0.698020 0.767859 0.689126 0.756869 0.684584 0.736420 0.629751 0.697731 0.588747 0.709270 0.584395 0.717403 0.588277 0.728502 0.585828 0.733117 0.578876 0.722127 0.574334 0.710148 0.580589
1 0.742238 0.571961 0.735975 0.579535 0.742459 0.584039 0.755646 0.579066 0.773561 0.586208 0.778618 0.603412 0.811154 0.645000 0.816651 0.660300 0.858419 0.714042 0.868752 0.734468 0.862489 0.742043 0.834575 0.745621 0.793692 0.740191 0.762920 0.743109 0.753360 0.751927 0.761824 0.760897 0.775672 0.766098 0.836775 0.762165 0.875240 0.765031 0.900296 0.760794 0.917002 0.766655 0.920738 0.763509 0.944037 0.766883 0.952695 0.761866 0.950409 0.752318 0.908208 0.752598 0.891063 0.748640 0.885018 0.742233 0.878421 0.718660 0.847865 0.681538 0.792684 0.594632 0.772461 0.577936 0.742238 0.571961
1 0.861218 0.245635 0.868693 0.265402 0.903868 0.321630 0.912440 0.323610 0.906947 0.334368 0.924861 0.341511 0.929806 0.339646 0.924531 0.336423 0.911558 0.301356 0.866933 0.246955 0.861218 0.245635
1 0.705812 0.175681 0.748241 0.239598 0.770007 0.288722 0.799685 0.329650 0.823535 0.350190 0.821666 0.338734 0.797263 0.301028 0.801439 0.295978 0.783194 0.283748 0.785391 0.274233 0.746480 0.221151 0.730211 0.187327 0.710318 0.175719 0.707569 0.168068 0.705812 0.175681
0 0.201116 0.000000 0.207068 0.002406 0.195529 0.006758 0.185748 0.003497 0.184651 0.021285 0.189927 0.024507 0.182894 0.028897 0.189378 0.033401 0.194324 0.031536 0.192784 0.025167 0.198499 0.026486 0.197402 0.044274 0.176521 0.043462 0.170588 0.056124 0.179273 0.077171 0.185097 0.071500 0.185315 0.057519 0.207735 0.064700 0.206417 0.070409 0.192791 0.077285 0.203781 0.081827 0.200706 0.095149 0.207960 0.102837 0.201366 0.105324 0.215214 0.110525 0.211808 0.118759 0.204554 0.111071 0.199609 0.112936 0.200270 0.123111 0.214448 0.133400 0.221920 0.127107 0.232802 0.138640 0.230935 0.153242 0.241044 0.135531 0.263025 0.144615 0.262146 0.148421 0.248628 0.148307 0.261707 0.150324 0.282921 0.182283 0.276218 0.191760 0.257425 0.188423 0.263361 0.201821 0.254241 0.208735 0.246986 0.201047 0.226984 0.196429 0.223027 0.187498 0.217312 0.186178 0.209730 0.199462 0.211930 0.216006 0.219624 0.221791 0.216988 0.233209 0.229518 0.244120 0.229300 0.258101 0.222267 0.262491 0.239194 0.280430 0.237000 0.316005 0.254366 0.332041 0.255357 0.347304 0.262720 0.348001 0.270302 0.334718 0.280744 0.348153 0.273711 0.352543 0.278108 0.359572 0.273932 0.364621 0.268548 0.368389 0.261624 0.365789 0.260745 0.369595 0.271626 0.381127 0.282286 0.380582 0.277229 0.363378 0.289647 0.355220 0.293277 0.385123 0.286683 0.387610 0.286905 0.399688 0.296247 0.404852 0.300422 0.399802 0.306137 0.401122 0.304819 0.406831 0.313831 0.406907 0.317458 0.410751 0.311964 0.421510 0.329221 0.444537 0.343839 0.452923 0.347357 0.463757 0.355490 0.467640 0.374726 0.495132 0.394510 0.513731 0.403082 0.515710 0.407040 0.524642 0.421327 0.527940 0.434957 0.547123 0.441990 0.542733 0.445178 0.548481 0.438145 0.552870 0.452984 0.573334 0.460347 0.574032 0.465074 0.586148 0.472438 0.586846 0.478701 0.579272 0.488155 0.603504 0.499255 0.601055 0.503212 0.609987 0.496179 0.614377 0.505303 0.633521 0.517282 0.627267 0.515960 0.606916 0.521784 0.601245 0.532444 0.600700 0.533432 0.589903 0.550798 0.605939 0.568382 0.607994 0.582448 0.599215 0.593878 0.601853 0.609156 0.620414 0.608938 0.634396 0.619598 0.633850 0.635316 0.650508 0.677745 0.714425 0.695550 0.728558 0.696650 0.736830 0.725889 0.779661 0.765457 0.816859 0.775460 0.832198 0.782384 0.834799 0.785684 0.859615 0.759088 0.857484 0.768982 0.879813 0.762388 0.882299 0.763488 0.890571 0.777558 0.907851 0.778658 0.916123 0.788439 0.919383 0.810532 0.947536 0.816029 0.962836 0.823723 0.968622 0.816690 0.973011 0.831747 0.979494 0.855485 0.980966 0.863179 0.986751 0.866367 0.992498 0.859773 0.994985 0.864505 1.000000 0.894732 1.000000 0.991600 0.580421 0.986433 0.570207 0.974564 0.569472 0.971376 0.563725 0.983685 0.562557 0.975991 0.556772 0.998630 0.549971 1.000000 0.544035 1.000000 0.103284 0.552627 0.000000 0.201116 0.000000
