1 0.882340 0.432480 0.818752 0.453385 0.799198 0.475201 0.877974 0.448763 0.882340 0.432480
1 0.788242 0.477184 0.723219 0.492081 0.703325 0.517789 0.779985 0.493126 0.788242 0.477184
1 0.686701 0.517315 0.608983 0.542865 0.587314 0.566457 0.682336 0.533598 0.686701 0.517315
1 0.428179 0.413332 0.470984 0.417077 0.537745 0.393509 0.541940 0.379172 0.505690 0.378941 0.428179 0.413332
1 0.319247 0.672402 0.362223 0.674202 0.433046 0.649029 0.441473 0.631140 0.421468 0.624489 0.319247 0.672402
1 0.444817 0.626531 0.563528 0.591824 0.570179 0.571820 0.544168 0.566603 0.454302 0.607755 0.444817 0.626531
1 0.774206 0.301463 0.717818 0.307313 0.553408 0.371353 0.572354 0.378892 0.774206 0.301463
1 0.011246 0.786618 0.004801 0.815463 0.031870 0.819792 0.176313 0.759887 0.193022 0.837812 0.187950 0.750122 0.293346 0.699545 0.297541 0.685208 0.195113 0.724281 0.172616 0.712510 0.156102 0.744395 0.011246 0.786618
1 0.000000 0.600007 0.008982 0.588401 0.136837 0.538808 0.416481 0.457402 0.417052 0.417260 0.315986 0.440768 0.284077 0.469346 0.249395 0.462390 0.152256 0.497025 0.133286 0.534577 0.107919 0.510791 0.000000 0.548071 0.000000 0.600007
1 0.084617 0.261718 0.018026 0.283341 0.016153 0.304743 0.235456 0.263152 0.248833 0.244716 0.490694 0.180591 0.084617 0.261718
1 0.037602 0.059586 0.070583 0.242845 0.074218 0.167681 0.052109 0.061835 0.208676 0.031420 0.235405 0.039640 0.253731 0.020658 0.142109 0.007951 0.056401 0.023980 0.042027 0.008998 0.037602 0.059586
1 0.997355 0.507242 0.985425 0.430716 0.975770 0.451438 0.983091 0.524620 0.997355 0.507242
1 0.879724 0.339124 0.893432 0.574613 0.917814 0.620859 0.923809 0.563546 0.885999 0.312224 0.879724 0.339124
1 0.436679 0.417017 0.370339 0.043603 0.362629 0.064495 0.453183 0.642948 0.436679 0.417017
1 0.830392 0.600467 0.816358 0.581594 0.789054 0.299822 0.776322 0.299688 0.775848 0.316312 0.788340 0.610512 0.819241 0.649486 0.830392 0.600467
1 0.679453 0.465705 0.672741 0.520014 0.699325 0.641936 0.713152 0.651968 0.706912 0.532807 0.720459 0.512426 0.700005 0.477306 0.656041 0.184273 0.651615 0.234861 0.679453 0.465705
1 0.523126 0.202054 0.534328 0.376546 0.601689 0.738285 0.604400 0.651276 0.538144 0.198466 0.523126 0.202054
1 0.149015 0.948656 0.189935 0.917926 0.188853 0.963905 0.204455 0.976053 0.213416 0.907236 0.319322 0.850822 0.335605 0.855188 0.352205 0.900753 0.350514 0.819241 0.445329 0.777541 0.460104 0.754327 0.350404 0.786882 0.344129 0.813781 0.321802 0.800064 0.138519 0.878137 0.126882 0.887902 0.154158 0.901072 0.152966 0.914691 0.079347 0.949423 0.040263 0.947964 0.037125 0.961414 0.161650 0.972308 0.145537 0.965997 0.149015 0.948656
1 0.360684 0.064325 0.371836 0.172153 0.388022 0.200037 0.394941 0.154568 0.372285 0.043773 0.360684 0.064325
1 0.514456 0.200315 0.533184 0.299983 0.525183 0.391430 0.542524 0.394908 0.563929 0.553627 0.553593 0.582132 0.543827 0.570494 0.520212 0.593916 0.515226 0.583677 0.459592 0.603317 0.400961 0.209011 0.386453 0.206761 0.382502 0.240726 0.419071 0.439004 0.433520 0.632405 0.492222 0.891437 0.463386 0.627176 0.538064 0.591556 0.567419 0.592164 0.582291 0.545431 0.538510 0.306330 0.536028 0.200242 0.514456 0.200315
1 0.265286 0.247136 0.252347 0.238161 0.245097 0.029705 0.221372 0.020767 0.215438 0.043775 0.277668 0.508977 0.324403 0.680696 0.265286 0.247136
1 0.186175 0.748006 0.168797 0.733742 0.165830 0.745246 0.194628 0.841873 0.186175 0.748006
1 0.036410 0.073206 0.128654 0.576324 0.172689 0.734082 0.182307 0.702574 0.050127 0.050879 0.036410 0.073206
1 0.337039 0.704348 0.326349 0.680866 0.319904 0.709711 0.337039 0.704348
1 0.344214 0.734385 0.333184 0.714794 0.322093 0.729508 0.357702 0.905155 0.344214 0.734385
1 0.797899 0.613309 0.759362 0.616799 0.723562 0.645037 0.797899 0.613309
1 0.696529 0.651494 0.604680 0.681690 0.601373 0.697085 0.696529 0.651494
1 0.990156 0.522297 0.920051 0.550474 0.916914 0.563923 0.979783 0.540015 0.990156 0.522297
1 0.902236 0.563620 0.822402 0.590945 0.819265 0.604395 0.900157 0.576181 0.902236 0.563620
1 0.588641 0.696952 0.552220 0.698667 0.479865 0.741351 0.525297 0.737483 0.588641 0.696952
