0 1.000000 0.487504 0.993162 0.411213 0.878481 0.332932 0.858925 0.311092 0.773273 0.250878 0.749570 0.226457 0.707177 0.212503 0.669755 0.165732 0.639036 0.150757 0.615333 0.126336 0.542377 0.076786 0.498273 0.032072 0.494794 0.014713 0.487090 0.005084 0.000000 0.044960 0.000000 0.521830 0.005480 0.584467 0.027827 0.604590 0.059980 0.613552 0.077335 0.632641 0.112968 0.658962 0.137693 0.695068 0.181364 0.723629 0.207779 0.756644 0.237320 0.780554 0.263892 0.792949 0.291486 0.817029 0.325585 0.825821 0.390247 0.870209 0.477688 0.950873 0.495554 0.975805 0.505538 0.977875 0.516800 0.994552 0.666874 0.984367 0.724733 0.973417 0.789452 0.973642 0.952891 0.959343 0.991293 0.950096 1.000000 0.931680 1.000000 0.487504
1 0.206418 0.606628 0.207597 0.597694 0.196846 0.586859 0.174421 0.577046 0.171453 0.565530 0.160369 0.562084 0.161391 0.573770 0.176878 0.582718 0.180947 0.595610 0.190086 0.599226 0.192798 0.607820 0.206418 0.606628
1 0.736137 0.532318 0.730811 0.538671 0.767800 0.569289 0.771692 0.568949 0.777941 0.550739 0.746966 0.532842 0.737905 0.518916 0.736137 0.532318
1 0.000000 0.447517 0.011411 0.461779 0.021395 0.463849 0.024108 0.472444 0.035782 0.471422 0.055338 0.493262 0.064811 0.489489 0.068368 0.496538 0.062787 0.499970 0.071926 0.503586 0.074894 0.515102 0.080554 0.501359 0.078942 0.494141 0.071748 0.490354 0.069881 0.480214 0.066245 0.483476 0.027644 0.445640 0.024009 0.448902 0.002507 0.427232 0.000000 0.429174 0.000000 0.447517
1 0.013290 0.214334 0.004662 0.216560 0.023117 0.237024 0.041651 0.247178 0.113683 0.308584 0.119520 0.308074 0.159555 0.339897 0.180035 0.349880 0.193242 0.366388 0.204661 0.362445 0.187817 0.349199 0.187896 0.338889 0.170207 0.327190 0.167239 0.315674 0.151418 0.314114 0.134063 0.295026 0.076517 0.264735 0.046465 0.234982 0.019893 0.222587 0.013290 0.214334
1 0.642880 0.486016 0.675033 0.494978 0.684250 0.488284 0.688809 0.473166 0.681027 0.473847 0.657579 0.452348 0.637100 0.442364 0.598755 0.407449 0.587081 0.408471 0.579220 0.419462 0.587514 0.424624 0.589047 0.442153 0.607502 0.462617 0.642880 0.486016
1 0.398265 0.289574 0.385824 0.281831 0.338006 0.250689 0.316505 0.229019 0.298227 0.221787 0.275035 0.203209 0.238479 0.188745 0.204536 0.159332 0.153849 0.140216 0.145044 0.129211 0.121518 0.118022 0.125331 0.127992 0.145811 0.137976 0.169258 0.159475 0.174172 0.170820 0.191939 0.172210 0.225881 0.201622 0.260747 0.219178 0.290287 0.243088 0.350291 0.279052 0.449406 0.358695 0.506441 0.383144 0.523540 0.399311 0.550112 0.411705 0.558918 0.422710 0.577863 0.415165 0.579632 0.401763 0.586058 0.396785 0.571672 0.389212 0.559997 0.390233 0.525799 0.357900 0.505064 0.344994 0.491444 0.346186 0.467074 0.336543 0.456323 0.325708 0.429751 0.313314 0.405792 0.285972 0.398265 0.289574
1 0.000000 0.455323 0.003373 0.459539 0.055849 0.499105 0.071258 0.518363 0.111549 0.553108 0.295550 0.684201 0.336352 0.724789 0.356831 0.734772 0.380534 0.759193 0.403215 0.771928 0.441560 0.806843 0.499362 0.840056 0.581634 0.906453 0.657714 0.946898 0.664318 0.955152 0.672101 0.954471 0.699951 0.981473 0.725245 0.979260 0.679784 0.930248 0.665653 0.925597 0.658283 0.908579 0.646353 0.906679 0.643385 0.895163 0.640516 0.907189 0.625362 0.890852 0.611487 0.889122 0.558087 0.861412 0.496550 0.807919 0.474125 0.798106 0.423850 0.761291 0.366460 0.710379 0.337943 0.698155 0.328882 0.684229 0.299342 0.660319 0.268623 0.645344 0.188808 0.584619 0.091638 0.504805 0.078431 0.488298 0.038906 0.462317 0.027900 0.448561 0.005475 0.438748 0.000000 0.431905 0.000000 0.455323
1 0.633990 0.888625 0.661684 0.936248 0.697749 0.978721 0.704098 0.984054 0.727190 0.979090 0.682241 0.935921 0.647610 0.887434 0.620741 0.804414 0.609948 0.725875 0.600533 0.685485 0.592651 0.662624 0.585458 0.658838 0.586402 0.680834 0.612290 0.819872 0.633990 0.888625
1 0.581244 0.408981 0.570258 0.429077 0.529539 0.523898 0.524980 0.539016 0.529304 0.554829 0.540545 0.537654 0.571379 0.464305 0.587258 0.421702 0.587336 0.411392 0.581244 0.408981
1 0.446010 0.476745 0.436949 0.462819 0.420737 0.512811 0.411519 0.519505 0.411363 0.540125 0.378839 0.616566 0.376226 0.631514 0.379527 0.635641 0.407925 0.590471 0.430820 0.538423 0.446010 0.476745
1 0.309259 0.415114 0.287778 0.427297 0.289134 0.431594 0.294716 0.428162 0.298273 0.435210 0.283985 0.451179 0.288899 0.462525 0.281883 0.471970 0.273021 0.505127 0.267439 0.508559 0.264826 0.523507 0.234660 0.582079 0.230356 0.600118 0.236626 0.615761 0.242208 0.612329 0.248556 0.617661 0.251091 0.613023 0.249302 0.592573 0.259954 0.579866 0.271174 0.528839 0.285206 0.509949 0.288998 0.486066 0.298883 0.464595 0.316295 0.439521 0.343316 0.356202 0.340859 0.350529 0.331131 0.351380 0.334688 0.358429 0.327083 0.372341 0.310928 0.378170 0.320067 0.381786 0.320578 0.387629 0.301299 0.402563 0.309593 0.407725 0.309259 0.415114
1 0.913472 0.553601 0.910759 0.545007 0.889356 0.546879 0.879706 0.537420 0.874438 0.499611 0.868345 0.497200 0.868757 0.479501 0.859952 0.468496 0.872372 0.442387 0.885815 0.427964 0.887661 0.404252 0.881391 0.388610 0.870740 0.401317 0.864391 0.395984 0.847000 0.454911 0.844898 0.475701 0.824204 0.530500 0.823281 0.542357 0.832697 0.582746 0.867641 0.589992 0.937430 0.580943 0.953898 0.533873 0.997074 0.444725 0.994184 0.422899 0.984810 0.450213 0.975671 0.446597 0.980329 0.455021 0.969344 0.475117 0.954112 0.469090 0.955901 0.489540 0.930472 0.546226 0.924379 0.543815 0.921254 0.552920 0.913472 0.553601
1 1.000000 0.639222 0.976542 0.624622 0.952328 0.594359 0.935740 0.584035 0.924321 0.587977 0.896357 0.649300 0.841841 0.732081 0.838048 0.755964 0.810751 0.802509 0.798508 0.841850 0.783042 0.866754 0.771055 0.909016 0.783829 0.909370 0.793459 0.884977 0.804111 0.872270 0.811893 0.871589 0.816708 0.859392 0.828127 0.855450 0.827595 0.815755 0.837912 0.810436 0.843906 0.789305 0.866743 0.781419 0.871302 0.766301 0.875194 0.765961 0.886711 0.785560 0.898130 0.781617 0.897598 0.741922 0.905715 0.733853 0.919590 0.735582 0.922970 0.729399 0.932620 0.738858 0.934154 0.756387 0.944394 0.761379 0.942114 0.768938 0.935766 0.763605 0.937378 0.770824 0.928160 0.777518 0.933841 0.797628 0.920320 0.822361 0.920164 0.842982 0.907055 0.850016 0.907921 0.882323 0.903951 0.892973 0.897269 0.895030 0.897211 0.939192 0.884358 0.949148 0.886481 0.962210 0.911775 0.959997 0.916001 0.952267 0.915390 0.922883 0.923330 0.901581 0.950627 0.855036 0.997772 0.755237 1.000000 0.753309 1.000000 0.639222
1 0.867698 0.545830 0.864162 0.572634 0.858324 0.573145 0.853411 0.561799 0.848340 0.571074 0.841147 0.567288 0.836645 0.538243 0.842639 0.517112 0.849911 0.510589 0.854804 0.488082 0.864454 0.497541 0.864767 0.456300 0.867302 0.451662 0.873395 0.454073 0.881256 0.443082 0.880233 0.431396 0.889195 0.421781 0.887328 0.411641 0.898746 0.407698 0.906607 0.396707 0.903639 0.385191 0.907609 0.374541 0.915569 0.387091 0.916435 0.419398 0.919737 0.423524 0.922272 0.418887 0.918949 0.380908 0.914291 0.372484 0.916826 0.367846 0.925376 0.375930 0.927911 0.371292 0.919951 0.358742 0.905564 0.351169 0.899983 0.354601 0.892612 0.337583 0.880682 0.335683 0.869931 0.324848 0.867062 0.336874 0.845148 0.332904 0.843792 0.328607 0.851909 0.320537 0.863839 0.322437 0.864428 0.317970 0.856979 0.311262 0.849452 0.314864 0.839624 0.292174 0.827695 0.290274 0.819145 0.282190 0.808159 0.302286 0.813073 0.313631 0.806136 0.312767 0.798707 0.339911 0.785088 0.341102 0.781118 0.351753 0.787388 0.367396 0.797116 0.366544 0.806177 0.380471 0.829270 0.375507 0.848315 0.391503 0.854819 0.376215 0.858377 0.383263 0.853562 0.395460 0.856275 0.404054 0.845879 0.419683 0.844110 0.433085 0.839118 0.432050 0.844621 0.438928 0.835738 0.438233 0.835561 0.425001 0.823808 0.436333 0.817815 0.457464 0.827898 0.483076 0.825363 0.487714 0.815123 0.482722 0.812588 0.487359 0.816323 0.507639 0.812786 0.534443 0.795963 0.555050 0.797575 0.562268 0.791660 0.573089 0.782187 0.576862 0.779553 0.557958 0.776251 0.553831 0.769824 0.558809 0.776527 0.590604 0.767821 0.603141 0.768843 0.614827 0.763262 0.618259 0.761160 0.639050 0.748562 0.651927 0.747305 0.671172 0.736142 0.678036 0.735808 0.685425 0.723466 0.701224 0.723310 0.721845 0.717984 0.728198 0.722386 0.733701 0.711224 0.740565 0.718161 0.741430 0.717827 0.748819 0.723075 0.752775 0.728145 0.743500 0.737618 0.739728 0.741922 0.721688 0.753340 0.717745 0.755620 0.710186 0.749272 0.704854 0.757133 0.693863 0.773032 0.685112 0.765661 0.668094 0.774545 0.668789 0.774623 0.658479 0.791524 0.627562 0.791013 0.621719 0.800564 0.607636 0.805812 0.611593 0.805123 0.592518 0.809270 0.595099 0.814340 0.585824 0.818743 0.591327 0.918484 0.588488 0.943345 0.570122 0.942579 0.561358 0.935641 0.560493 0.932083 0.553444 0.934619 0.548807 0.941222 0.557060 0.945448 0.549331 0.947884 0.521152 0.943992 0.521492 0.943914 0.531803 0.937743 0.539702 0.928270 0.543475 0.930649 0.559457 0.920587 0.567697 0.889200 0.567500 0.874813 0.559927 0.873379 0.565940 0.867698 0.545830
1 0.403706 0.194896 0.393978 0.195747 0.365481 0.217375 0.393920 0.239909 0.421927 0.246290 0.435625 0.234789 0.439495 0.200596 0.442542 0.201801 0.444842 0.228095 0.457106 0.222606 0.459542 0.194427 0.478232 0.183960 0.468248 0.181890 0.462113 0.111775 0.464471 0.093905 0.481784 0.045289 0.480173 0.038071 0.471623 0.029987 0.465118 0.045276 0.448629 0.058494 0.456334 0.068123 0.450674 0.081865 0.442714 0.069314 0.434363 0.108315 0.427347 0.117760 0.423554 0.141642 0.403706 0.194896
1 0.488684 0.673192 0.495111 0.668214 0.493066 0.644842 0.500260 0.648629 0.504740 0.643821 0.499827 0.632475 0.512325 0.596056 0.574760 0.458122 0.584389 0.433729 0.587336 0.411392 0.581244 0.408981 0.573383 0.419973 0.546184 0.490060 0.519398 0.542448 0.515095 0.560488 0.485774 0.617514 0.463881 0.647396 0.474298 0.665619 0.482081 0.664938 0.488684 0.673192
1 0.120855 0.278518 0.126692 0.278008 0.140036 0.240043 0.165899 0.199510 0.180598 0.165842 0.178986 0.158624 0.166801 0.153802 0.158606 0.172182 0.150823 0.172863 0.149645 0.181797 0.143807 0.182308 0.129186 0.205666 0.123192 0.226797 0.125905 0.235391 0.119400 0.250679 0.120855 0.278518
1 0.000000 0.450796 0.007520 0.462120 0.022162 0.472614 0.029945 0.471933 0.034859 0.483278 0.087236 0.499303 0.091461 0.491573 0.079354 0.476442 0.068525 0.475917 0.062333 0.449964 0.069605 0.443441 0.068838 0.434676 0.082103 0.407021 0.083950 0.383309 0.094012 0.375069 0.094090 0.364759 0.107533 0.350336 0.110146 0.335388 0.137386 0.333005 0.179111 0.361736 0.197822 0.385122 0.192752 0.394397 0.194875 0.407458 0.205094 0.378598 0.204150 0.356602 0.185616 0.346448 0.158356 0.314979 0.154542 0.305009 0.144558 0.302939 0.139723 0.281283 0.131685 0.279043 0.135477 0.255161 0.148486 0.224584 0.182800 0.168593 0.181777 0.156908 0.122363 0.116476 0.095948 0.083461 0.063539 0.071578 0.062615 0.083434 0.058213 0.077931 0.055678 0.082569 0.067785 0.097701 0.088342 0.097374 0.081326 0.106819 0.091232 0.119200 0.104518 0.125397 0.107742 0.139834 0.104362 0.146018 0.122128 0.147407 0.118748 0.153590 0.125097 0.158923 0.121716 0.165106 0.126119 0.170608 0.124684 0.176622 0.132978 0.181784 0.123761 0.188478 0.126729 0.199993 0.118868 0.210984 0.111675 0.207198 0.112009 0.199809 0.102280 0.200660 0.105248 0.212176 0.081900 0.214219 0.077419 0.219026 0.083767 0.224359 0.080387 0.230542 0.088426 0.232783 0.072271 0.238612 0.065077 0.234825 0.065411 0.227437 0.057628 0.228117 0.059240 0.235336 0.054504 0.237222 0.054838 0.229834 0.051536 0.225707 0.045954 0.229139 0.043242 0.220545 0.019638 0.219666 0.016670 0.208150 0.008553 0.216220 0.025318 0.239776 0.033357 0.242016 0.061207 0.269018 0.090079 0.307705 0.093459 0.301522 0.107768 0.319405 0.108534 0.328169 0.100162 0.333318 0.101774 0.340536 0.092223 0.354619 0.080804 0.358562 0.059344 0.404597 0.037785 0.427090 0.034916 0.439116 0.017405 0.440648 0.007755 0.431189 0.003686 0.418298 0.000000 0.420564 0.000000 0.450796
1 0.700917 0.488298 0.699305 0.481079 0.685940 0.485192 0.664559 0.520917 0.657642 0.553904 0.652905 0.555791 0.637105 0.588083 0.636870 0.619014 0.660453 0.586040 0.679968 0.540176 0.685706 0.516123 0.700917 0.488298
1 0.591827 0.698022 0.609322 0.808357 0.629332 0.880201 0.657537 0.933667 0.698005 0.981643 0.725500 0.982181 0.724989 0.976338 0.675382 0.924746 0.649811 0.890185 0.642441 0.873167 0.623453 0.813008 0.613172 0.740312 0.595364 0.671218 0.596287 0.659362 0.586892 0.652824 0.586658 0.683755 0.591827 0.698022
