1 0.316586 0.578982 0.304487 0.573949 0.297823 0.562656 0.241944 0.519527 0.237434 0.511023 0.225539 0.508915 0.224000 0.514902 0.242763 0.531229 0.248608 0.530820 0.265627 0.550208 0.273420 0.549663 0.290644 0.571977 0.317609 0.593610 0.326274 0.591534 0.316586 0.578982
1 0.243668 0.628178 0.193430 0.581715 0.181126 0.573756 0.179587 0.579743 0.213215 0.612669 0.258534 0.644777 0.296469 0.683281 0.311389 0.686648 0.303444 0.671035 0.285295 0.663484 0.257716 0.633075 0.243668 0.628178
1 0.447995 0.302273 0.436714 0.308942 0.425174 0.325917 0.424658 0.346532 0.415939 0.361841 0.405164 0.403751 0.406338 0.434537 0.414132 0.433992 0.414390 0.423684 0.427006 0.408103 0.424648 0.402389 0.432753 0.378304 0.433474 0.360614 0.457887 0.317750 0.447995 0.302273
1 0.188477 0.468880 0.201609 0.432684 0.215764 0.411116 0.217303 0.405128 0.211920 0.398155 0.187410 0.411628 0.166431 0.461602 0.157400 0.500450 0.159037 0.523854 0.148057 0.562839 0.117692 0.632577 0.119587 0.645674 0.127585 0.648055 0.146002 0.589441 0.160566 0.573724 0.186679 0.485174 0.205237 0.498575 0.209801 0.493846 0.192115 0.478914 0.188477 0.468880
1 0.323468 0.803394 0.347579 0.728214 0.349840 0.704538 0.365641 0.650517 0.373025 0.644121 0.376211 0.605681 0.405047 0.486073 0.404745 0.453757 0.401516 0.449573 0.373357 0.508868 0.371097 0.532544 0.360839 0.553840 0.347190 0.610650 0.348213 0.625277 0.339387 0.667051 0.322153 0.700594 0.315480 0.745157 0.281929 0.853336 0.262123 0.934095 0.263609 0.941340 0.270272 0.952633 0.282372 0.957667 0.298324 0.919804 0.299971 0.887351 0.309820 0.860205 0.315363 0.827479 0.324082 0.812171 0.323468 0.803394
1 0.488865 1.000000 0.493453 0.994353 0.510589 0.931419 0.511105 0.910805 0.528037 0.844945 0.532557 0.797593 0.540867 0.776433 0.541588 0.758744 0.560059 0.686898 0.563556 0.624918 0.558174 0.617945 0.550380 0.618490 0.540789 0.635329 0.533502 0.671116 0.528734 0.672919 0.492748 0.634279 0.453274 0.601762 0.436050 0.579448 0.422207 0.577476 0.411647 0.566456 0.407083 0.571184 0.448656 0.619723 0.464857 0.627410 0.486386 0.655302 0.514891 0.670948 0.524579 0.683499 0.527959 0.703841 0.521393 0.721939 0.523030 0.745343 0.519079 0.758848 0.502879 0.751162 0.496215 0.739869 0.433468 0.682521 0.408861 0.666603 0.405168 0.669801 0.426698 0.697693 0.470068 0.729938 0.513385 0.775415 0.506507 0.817053 0.494043 0.848792 0.476819 0.826479 0.434988 0.788247 0.414018 0.782364 0.492041 0.862161 0.485260 0.933190 0.471612 0.990001 0.473273 1.000000 0.488865 1.000000
1 0.632863 0.986074 0.641064 0.991357 0.655372 0.985970 0.547973 0.892058 0.531773 0.884371 0.527876 0.884644 0.528285 0.890495 0.632863 0.986074
1 0.487580 1.000000 0.490837 0.998945 0.504636 0.958293 0.510589 0.931419 0.509157 0.910941 0.515927 0.895768 0.522601 0.851205 0.528037 0.844945 0.528349 0.821405 0.525119 0.817222 0.520555 0.821950 0.521987 0.842429 0.516347 0.845763 0.517574 0.863316 0.514754 0.864983 0.512192 0.856343 0.507832 0.863997 0.509673 0.890326 0.499059 0.892538 0.495927 0.917745 0.492698 0.913562 0.490082 0.918154 0.486487 0.950743 0.473355 0.986939 0.475046 0.997110 0.477285 1.000000 0.487580 1.000000
1 0.644895 0.794147 0.653765 0.794997 0.648845 0.780642 0.639771 0.776867 0.630750 0.759859 0.556776 0.695947 0.562933 0.671998 0.561705 0.654445 0.568476 0.639273 0.566786 0.629102 0.556839 0.626857 0.552480 0.634512 0.555451 0.649003 0.550015 0.655263 0.551038 0.669890 0.541296 0.670571 0.546829 0.693702 0.539854 0.705949 0.546722 0.720168 0.538670 0.731020 0.541437 0.742586 0.549026 0.739115 0.553181 0.728536 0.550619 0.719896 0.556722 0.709180 0.591169 0.753807 0.642128 0.782581 0.644895 0.794147
1 0.687825 0.988087 0.694135 0.980320 0.694446 0.956780 0.698139 0.953582 0.694963 0.936165 0.703068 0.912080 0.706254 0.873640 0.719698 0.813905 0.716726 0.799413 0.709191 0.789651 0.698987 0.797714 0.691290 0.827650 0.690258 0.868879 0.682357 0.895890 0.673896 0.900891 0.655338 0.887490 0.608792 0.837829 0.594539 0.830006 0.558553 0.791365 0.542353 0.783679 0.538100 0.764868 0.545075 0.752621 0.541642 0.745511 0.533181 0.750513 0.534355 0.781298 0.547681 0.803885 0.624885 0.871981 0.656770 0.907968 0.679020 0.918171 0.684403 0.925144 0.685630 0.942697 0.678752 0.984335 0.687825 0.988087
1 0.210614 0.827455 0.192260 0.816979 0.192669 0.822830 0.239420 0.875417 0.272026 0.893715 0.274384 0.899430 0.276999 0.894837 0.272747 0.876026 0.261261 0.879769 0.260648 0.870993 0.210614 0.827455
1 0.290399 0.792478 0.301422 0.796117 0.284866 0.769346 0.249085 0.733631 0.203970 0.704449 0.147477 0.652543 0.139684 0.653088 0.146810 0.656999 0.155164 0.678464 0.186026 0.699824 0.232367 0.746559 0.242109 0.745878 0.251335 0.765812 0.256975 0.762477 0.290399 0.792478
0 0.471502 1.000000 0.481612 0.979012 0.486122 0.987516 0.489200 0.975542 0.494378 0.979589 0.493248 0.991427 0.502527 0.998128 0.944807 0.967201 0.959113 0.961791 0.949941 0.928625 0.940403 0.932231 0.941222 0.943933 0.932610 0.932776 0.929122 0.938900 0.923945 0.934852 0.919434 0.926348 0.921694 0.902672 0.917647 0.886786 0.912211 0.893046 0.907700 0.884542 0.893448 0.876719 0.869098 0.850494 0.867408 0.840323 0.859410 0.837942 0.844544 0.821343 0.836546 0.818963 0.833058 0.825086 0.812552 0.811821 0.810496 0.838423 0.786502 0.831281 0.785017 0.824036 0.771432 0.811757 0.740881 0.766857 0.703151 0.731278 0.695153 0.728897 0.683980 0.709100 0.627487 0.657195 0.613493 0.639065 0.615699 0.628621 0.601856 0.626649 0.585914 0.608656 0.585095 0.596954 0.595967 0.584434 0.596688 0.566745 0.583566 0.547084 0.594384 0.547798 0.596591 0.537354 0.603103 0.532489 0.622996 0.536978 0.631048 0.526125 0.613566 0.514119 0.608130 0.520378 0.599928 0.515072 0.604083 0.504493 0.581628 0.491364 0.590088 0.486363 0.590551 0.478981 0.579324 0.472417 0.579787 0.465035 0.561896 0.447177 0.556460 0.453437 0.551282 0.449389 0.556718 0.443130 0.539904 0.426667 0.538881 0.412039 0.530678 0.406733 0.530064 0.397957 0.514789 0.375507 0.490644 0.352207 0.488082 0.343567 0.477931 0.338397 0.471935 0.322648 0.451891 0.302001 0.440406 0.305744 0.437176 0.301560 0.438511 0.292647 0.432666 0.293056 0.432257 0.287205 0.437897 0.283871 0.434259 0.273836 0.422364 0.271728 0.418876 0.277851 0.389909 0.269588 0.399909 0.258599 0.416110 0.266286 0.418316 0.255842 0.408628 0.243291 0.404731 0.243563 0.406217 0.250809 0.401653 0.255538 0.396012 0.258872 0.389758 0.253430 0.384322 0.259689 0.372686 0.247274 0.386991 0.241864 0.387454 0.234482 0.372535 0.231116 0.359412 0.211455 0.323933 0.208056 0.308862 0.188532 0.303426 0.194791 0.289583 0.192819 0.280767 0.178737 0.269077 0.179555 0.264566 0.171051 0.248570 0.166290 0.234264 0.171700 0.234673 0.177551 0.242876 0.182857 0.244308 0.203335 0.250767 0.211703 0.242510 0.219629 0.230207 0.211670 0.230562 0.230754 0.220153 0.235892 0.191906 0.209939 0.191960 0.196706 0.189958 0.210075 0.186061 0.210348 0.180528 0.187216 0.199603 0.180003 0.184888 0.179562 0.175199 0.167010 0.182584 0.160615 0.174639 0.145001 0.164693 0.142757 0.162077 0.147350 0.168536 0.155717 0.159871 0.157793 0.156899 0.143302 0.153412 0.149425 0.146953 0.141058 0.133314 0.142011 0.130548 0.130446 0.121624 0.142829 0.115779 0.143238 0.112194 0.119970 0.126037 0.121942 0.132550 0.117077 0.113120 0.105206 0.099686 0.109086 0.097221 0.129836 0.079481 0.128137 0.079072 0.122286 0.085122 0.124803 0.087737 0.120210 0.084303 0.113101 0.078867 0.119361 0.076510 0.113646 0.058770 0.111947 0.060460 0.122118 0.054357 0.132834 0.047338 0.102457 0.060567 0.095652 0.045239 0.086435 0.037747 0.119296 0.035034 0.094498 0.028371 0.083205 0.033398 0.071094 0.027811 0.061196 0.018683 0.070653 0.000000 0.058568 0.000000 0.503461 0.034721 1.000000 0.471502 1.000000
