1 0.449219 0.204102 0.416016 0.127930 0.399414 0.125000 0.425781 0.186523 0.449219 0.204102
1 0.500000 0.295898 0.468750 0.221680 0.452148 0.214844 0.472656 0.278320 0.500000 0.295898
1 0.558594 0.407227 0.517578 0.315430 0.500977 0.312500 0.533203 0.387695 0.558594 0.407227
1 0.378906 0.504883 0.419922 0.579102 0.419922 0.536133 0.390625 0.471680 0.375977 0.468750 0.378906 0.504883
1 0.630859 0.567383 0.687500 0.665039 0.685547 0.622070 0.654297 0.553711 0.635742 0.546875 0.630859 0.567383
1 0.611328 0.536133 0.630859 0.543945 0.585938 0.428711 0.565430 0.423828 0.562500 0.450195 0.611328 0.536133
1 0.367188 0.458008 0.373047 0.438477 0.278320 0.244141 0.289062 0.299805 0.367188 0.458008
1 0.776367 0.789062 0.716797 0.688477 0.702148 0.685547 0.750000 0.784180 0.740234 0.807617 0.773438 0.821289 0.828125 0.961914 0.857422 0.965820 0.859375 0.938477 0.787109 0.799805 0.863281 0.776367 0.776367 0.789062
1 0.424805 0.589844 0.457031 0.688477 0.488281 0.717773 0.484375 0.752930 0.527344 0.846680 0.566406 0.862305 0.544922 0.889648 0.593750 0.999023 0.658203 0.999023 0.630859 0.981445 0.570312 0.858398 0.464844 0.586914 0.424805 0.589844
1 0.298828 0.934570 0.326172 0.999023 0.347656 0.999023 0.287109 0.784180 0.267578 0.772461 0.182617 0.537109 0.298828 0.934570
1 0.058594 0.831055 0.064453 0.803711 0.043945 0.787109 0.041016 0.899414 0.064453 0.983398 0.050781 0.999023 0.101562 0.999023 0.281250 0.950195 0.206055 0.953125 0.102539 0.984375 0.058594 0.831055
1 0.410156 0.030273 0.482422 0.016602 0.463867 0.003906 0.388672 0.022461 0.410156 0.030273
1 0.279297 0.131836 0.306641 0.135742 0.540039 0.101562 0.583984 0.073242 0.526367 0.072266 0.279297 0.131836
1 0.078125 0.674805 0.646484 0.534180 0.422852 0.570312 0.056641 0.668945 0.078125 0.674805
1 0.553711 0.177734 0.275391 0.229492 0.276367 0.242188 0.292969 0.241211 0.584961 0.203125 0.621094 0.168945 0.571289 0.162109 0.553711 0.177734
1 0.632812 0.274414 0.514648 0.291016 0.493164 0.279297 0.459961 0.302734 0.171875 0.372070 0.222656 0.372070 0.450195 0.324219 0.504883 0.326172 0.624023 0.289062 0.632812 0.274414
1 0.196289 0.488281 0.201172 0.502930 0.374023 0.476562 0.728516 0.377930 0.641602 0.382812 0.196289 0.488281
1 1.000000 0.795898 0.995117 0.812500 0.977539 0.810547 0.943359 0.772461 0.989258 0.769531 1.000000 0.752930 0.930664 0.750000 0.865234 0.649414 0.868164 0.632812 0.912109 0.612305 0.831055 0.621094 0.781250 0.530273 0.756836 0.517578 0.798828 0.624023 0.826172 0.627930 0.814453 0.651367 0.908203 0.827148 0.918945 0.837891 0.929688 0.809570 0.943359 0.809570 0.984375 0.879883 0.986328 0.918945 1.000000 0.920898 1.000000 0.795898
1 0.056641 0.666992 0.078125 0.676758 0.184570 0.656250 0.210938 0.637695 0.165039 0.634766 0.056641 0.666992
1 0.629883 0.525391 0.587891 0.454102 0.585938 0.424805 0.538086 0.414062 0.303711 0.478516 0.198242 0.490234 0.200195 0.511719 0.297852 0.484375 0.389648 0.484375 0.391602 0.466797 0.547852 0.431641 0.577148 0.439453 0.566406 0.450195 0.591797 0.471680 0.582031 0.477539 0.606445 0.531250 0.218750 0.624023 0.217773 0.638672 0.251953 0.639648 0.446289 0.585938 0.637695 0.554688 0.890625 0.473633 0.629883 0.525391
1 0.260742 0.769531 0.053711 0.794922 0.046875 0.819336 0.070312 0.823242 0.528320 0.720703 0.695312 0.659180 0.268555 0.755859 0.260742 0.769531
1 0.773438 0.811523 0.867188 0.774414 0.774414 0.791016 0.761719 0.809570 0.773438 0.811523
1 0.091797 0.987305 0.115234 0.999023 0.608398 0.863281 0.761719 0.805664 0.729492 0.798828 0.091797 0.987305
1 0.717773 0.644531 0.695312 0.657227 0.724609 0.661133 0.717773 0.644531
1 0.744141 0.657227 0.916016 0.606445 0.747070 0.634766 0.728516 0.647461 0.744141 0.657227
1 0.586914 0.193359 0.593750 0.231445 0.625000 0.264648 0.586914 0.193359
1 0.633789 0.291016 0.671875 0.379883 0.687500 0.381836 0.633789 0.291016
1 0.527344 0.079102 0.498047 0.018555 0.479492 0.009766 0.513672 0.077148 0.527344 0.079102
1 0.576172 0.172852 0.541016 0.094727 0.528320 0.093750 0.562500 0.170898 0.576172 0.172852
1 0.742188 0.499023 0.734375 0.454102 0.688477 0.394531 0.693359 0.430664 0.742188 0.499023
