0 1.000000 0.235352 0.959961 0.218750 0.900391 0.229492 0.914062 0.133789 0.877930 0.058594 0.741211 0.000000 0.000000 0.000977 0.000000 0.995117 0.154297 0.999023 0.239258 0.939453 0.293945 0.921875 0.348633 0.875000 0.389648 0.873047 0.565430 0.775391 0.809570 0.681641 0.872070 0.648438 0.901367 0.613281 1.000000 0.565430 1.000000 0.305664 0.984375 0.290039 1.000000 0.280273 1.000000 0.235352
1 0.234375 0.793945 0.645508 0.638672 0.666016 0.612305 0.205078 0.791992 0.234375 0.793945
1 0.565430 0.517578 0.674805 0.500000 0.700195 0.482422 0.770508 0.486328 0.804688 0.471680 0.766602 0.453125 0.764648 0.468750 0.674805 0.476562 0.608398 0.500000 0.518555 0.500000 0.497070 0.529297 0.344727 0.562500 0.328125 0.553711 0.322266 0.506836 0.316406 0.440430 0.329102 0.414062 0.499023 0.392578 0.515625 0.403320 0.518555 0.439453 0.533203 0.397461 0.563477 0.376953 0.780273 0.359375 0.779297 0.387695 0.751953 0.420898 0.764648 0.437500 0.798828 0.364258 0.835938 0.352539 0.694336 0.345703 0.633789 0.357422 0.631836 0.343750 0.512695 0.375000 0.317383 0.390625 0.291016 0.364258 0.306641 0.374023 0.321289 0.208984 0.859375 0.211914 0.563477 0.179688 0.000977 0.169922 0.000977 0.187500 0.133789 0.185547 0.283203 0.206055 0.282227 0.392578 0.008789 0.427734 0.000000 0.450195 0.276367 0.421875 0.292969 0.508789 0.283203 0.565430 0.266602 0.580078 0.124023 0.625000 0.010742 0.642578 0.000000 0.670898 0.280273 0.595703 0.312500 0.625977 0.322266 0.670898 0.322266 0.600586 0.344727 0.580078 0.522461 0.546875 0.565430 0.517578
1 0.306641 0.768555 0.268555 0.767578 0.271484 0.782227 0.306641 0.768555
1 0.239258 0.794922 0.257812 0.776367 0.004883 0.855469 0.001953 0.893555 0.026367 0.865234 0.069336 0.873047 0.122070 0.833984 0.239258 0.794922
1 0.699219 0.346680 0.710938 0.331055 0.709961 0.220703 0.687500 0.305664 0.699219 0.346680
1 0.679688 0.479492 0.695312 0.471680 0.694336 0.367188 0.671875 0.422852 0.679688 0.479492
1 0.674805 0.505859 0.650391 0.581055 0.656250 0.629883 0.636719 0.649414 0.640625 0.721680 0.662109 0.690430 0.682617 0.546875 0.687500 0.563477 0.674805 0.505859
1 0.365234 0.000977 0.270508 0.000000 0.267578 0.083008 0.285156 0.159180 0.359375 0.168945 0.339844 0.149414 0.332031 0.055664 0.316406 0.032227 0.342417 0.033190 0.339844 0.004883 0.365234 0.000977
1 0.678711 0.093750 0.713867 0.097656 0.718750 0.073242 0.674805 0.070312 0.671875 0.022461 0.649414 0.005859 0.518555 0.003906 0.517578 0.137695 0.545898 0.166016 0.620117 0.175781 0.635742 0.162109 0.625000 0.176758 0.650391 0.178711 0.671875 0.137695 0.673828 0.079102 0.685547 0.083008 0.678711 0.093750
