1 0.574219 0.186523 0.600586 0.125000 0.583984 0.127930 0.550781 0.204102 0.574219 0.186523
1 0.527344 0.278320 0.547852 0.214844 0.531250 0.221680 0.500000 0.295898 0.527344 0.278320
1 0.466797 0.387695 0.499023 0.312500 0.482422 0.315430 0.441406 0.407227 0.466797 0.387695
1 0.621094 0.504883 0.624023 0.468750 0.609375 0.471680 0.580078 0.536133 0.580078 0.579102 0.621094 0.504883
1 0.369141 0.567383 0.364258 0.546875 0.345703 0.553711 0.314453 0.622070 0.312500 0.665039 0.369141 0.567383
1 0.388672 0.536133 0.437500 0.450195 0.434570 0.423828 0.414062 0.428711 0.369141 0.543945 0.388672 0.536133
1 0.710938 0.299805 0.721680 0.244141 0.626953 0.438477 0.632812 0.458008 0.710938 0.299805
1 0.171875 0.961914 0.226562 0.821289 0.259766 0.807617 0.250000 0.784180 0.297852 0.685547 0.283203 0.688477 0.223633 0.789062 0.136719 0.776367 0.212891 0.799805 0.140625 0.938477 0.142578 0.965820 0.171875 0.961914
1 0.406250 0.999023 0.455078 0.889648 0.433594 0.862305 0.472656 0.846680 0.515625 0.752930 0.511719 0.717773 0.542969 0.688477 0.575195 0.589844 0.535156 0.586914 0.429688 0.858398 0.369141 0.981445 0.341797 0.999023 0.406250 0.999023
1 0.673828 0.999023 0.701172 0.934570 0.817383 0.537109 0.732422 0.772461 0.712891 0.784180 0.652344 0.999023 0.673828 0.999023
1 0.949219 0.999023 0.935547 0.983398 0.958984 0.899414 0.956055 0.787109 0.935547 0.803711 0.941406 0.831055 0.897461 0.984375 0.793945 0.953125 0.718750 0.950195 0.898438 0.999023 0.949219 0.999023
1 0.611328 0.022461 0.536133 0.003906 0.517578 0.016602 0.589844 0.030273 0.611328 0.022461
1 0.720703 0.131836 0.473633 0.072266 0.416016 0.073242 0.459961 0.101562 0.693359 0.135742 0.720703 0.131836
1 0.943359 0.668945 0.577148 0.570312 0.353516 0.534180 0.921875 0.674805 0.943359 0.668945
1 0.723633 0.242188 0.724609 0.229492 0.446289 0.177734 0.428711 0.162109 0.378906 0.168945 0.415039 0.203125 0.707031 0.241211 0.723633 0.242188
1 0.828125 0.372070 0.540039 0.302734 0.506836 0.279297 0.485352 0.291016 0.367188 0.274414 0.375977 0.289062 0.495117 0.326172 0.549805 0.324219 0.777344 0.372070 0.828125 0.372070
1 0.803711 0.488281 0.358398 0.382812 0.271484 0.377930 0.625977 0.476562 0.798828 0.502930 0.803711 0.488281
1 0.000000 0.920898 0.013672 0.918945 0.015625 0.879883 0.056641 0.809570 0.070312 0.809570 0.081055 0.837891 0.091797 0.827148 0.185547 0.651367 0.173828 0.627930 0.201172 0.624023 0.243164 0.517578 0.218750 0.530273 0.168945 0.621094 0.087891 0.612305 0.131836 0.632812 0.134766 0.649414 0.069336 0.750000 0.000000 0.752930 0.010742 0.769531 0.056641 0.772461 0.022461 0.810547 0.004883 0.812500 0.000000 0.795898 0.000000 0.920898
1 0.943359 0.666992 0.834961 0.634766 0.789062 0.637695 0.815430 0.656250 0.921875 0.676758 0.943359 0.666992
1 0.782227 0.638672 0.781250 0.624023 0.393555 0.531250 0.417969 0.477539 0.408203 0.471680 0.433594 0.450195 0.422852 0.439453 0.452148 0.431641 0.608398 0.466797 0.610352 0.484375 0.702148 0.484375 0.799805 0.511719 0.801758 0.490234 0.696289 0.478516 0.461914 0.414062 0.414062 0.424805 0.412109 0.454102 0.370117 0.525391 0.109375 0.473633 0.362305 0.554688 0.553711 0.585938 0.748047 0.639648 0.782227 0.638672
1 0.953125 0.819336 0.946289 0.794922 0.739258 0.769531 0.731445 0.755859 0.304688 0.659180 0.471680 0.720703 0.929688 0.823242 0.953125 0.819336
1 0.238281 0.809570 0.225586 0.791016 0.132812 0.774414 0.226562 0.811523 0.238281 0.809570
1 0.908203 0.987305 0.270508 0.798828 0.238281 0.805664 0.391602 0.863281 0.884766 0.999023 0.908203 0.987305
1 0.304688 0.657227 0.282227 0.644531 0.275391 0.661133 0.304688 0.657227
1 0.271484 0.647461 0.252930 0.634766 0.083984 0.606445 0.255859 0.657227 0.271484 0.647461
1 0.406250 0.231445 0.413086 0.193359 0.375000 0.264648 0.406250 0.231445
1 0.328125 0.379883 0.366211 0.291016 0.312500 0.381836 0.328125 0.379883
1 0.486328 0.077148 0.520508 0.009766 0.501953 0.018555 0.472656 0.079102 0.486328 0.077148
1 0.437500 0.170898 0.471680 0.093750 0.458984 0.094727 0.423828 0.172852 0.437500 0.170898
1 0.306641 0.430664 0.311523 0.394531 0.265625 0.454102 0.257812 0.499023 0.306641 0.430664
