1 0.612918 0.729492 0.609985 0.709961 0.586524 0.678711 0.580659 0.653320 0.563063 0.637695 0.557198 0.618164 0.539602 0.592773 0.536669 0.575195 0.519074 0.557617 0.516141 0.538086 0.469219 0.481445 0.463354 0.458008 0.450157 0.453125 0.445758 0.456055 0.445758 0.477539 0.457489 0.500977 0.466287 0.502930 0.460421 0.504883 0.460421 0.510742 0.466287 0.514648 0.469219 0.534180 0.480950 0.543945 0.480950 0.553711 0.492680 0.569336 0.519074 0.581055 0.519074 0.598633 0.524939 0.608398 0.536669 0.612305 0.542535 0.645508 0.560130 0.659180 0.557198 0.668945 0.565996 0.686523 0.574794 0.692383 0.580659 0.715820 0.598255 0.739258 0.601187 0.752930 0.618783 0.768555 0.621715 0.786133 0.633446 0.805664 0.656907 0.825195 0.662772 0.848633 0.673036 0.859375 0.680368 0.858398 0.668637 0.817383 0.648109 0.791992 0.627581 0.745117 0.612918 0.729492
1 0.950169 0.584961 0.938438 0.540039 0.929641 0.526367 0.917910 0.458008 0.906180 0.442383 0.879786 0.374023 0.869522 0.369141 0.865123 0.381836 0.873921 0.436523 0.888584 0.463867 0.891517 0.497070 0.914977 0.534180 0.923775 0.565430 0.920843 0.592773 0.938438 0.618164 0.938438 0.647461 0.944304 0.657227 0.941371 0.686523 0.953102 0.690430 0.973630 0.731445 0.991226 0.752930 0.994158 0.696289 0.973630 0.657227 0.961899 0.598633 0.950169 0.584961
1 0.428163 0.387695 0.413499 0.350586 0.401769 0.338867 0.395904 0.317383 0.375375 0.295898 0.372443 0.282227 0.360712 0.270508 0.340184 0.208008 0.302060 0.157227 0.290329 0.129883 0.281532 0.124023 0.272734 0.098633 0.275666 0.092773 0.268335 0.089844 0.258071 0.112305 0.252205 0.151367 0.269801 0.168945 0.272734 0.184570 0.284464 0.196289 0.299127 0.229492 0.328453 0.268555 0.366578 0.342773 0.392971 0.377930 0.398836 0.405273 0.425230 0.436523 0.436960 0.438477 0.442826 0.436523 0.445758 0.426758 0.445758 0.403320 0.428163 0.387695
1 0.868056 0.760742 0.832864 0.696289 0.832864 0.676758 0.824066 0.668945 0.794740 0.577148 0.771279 0.534180 0.768346 0.500977 0.759549 0.477539 0.741953 0.454102 0.739020 0.430664 0.709694 0.383789 0.677435 0.303711 0.633446 0.233398 0.618783 0.184570 0.565996 0.096680 0.557198 0.051758 0.536669 0.022461 0.524939 0.018555 0.530804 0.014648 0.517607 0.003906 0.513209 0.006836 0.516141 0.012695 0.501478 0.018555 0.516141 0.047852 0.516141 0.059570 0.536669 0.081055 0.539602 0.108398 0.545467 0.112305 0.542535 0.116211 0.563063 0.166992 0.565996 0.188477 0.583591 0.206055 0.595322 0.243164 0.609985 0.258789 0.609985 0.272461 0.630513 0.299805 0.633446 0.311523 0.653974 0.331055 0.656907 0.360352 0.680368 0.389648 0.683300 0.413086 0.700896 0.438477 0.706761 0.475586 0.721425 0.487305 0.724357 0.506836 0.733155 0.520508 0.733155 0.540039 0.747818 0.549805 0.753683 0.583008 0.774212 0.614258 0.777144 0.649414 0.794740 0.674805 0.806471 0.711914 0.826999 0.739258 0.835797 0.776367 0.856325 0.813477 0.862190 0.844727 0.869522 0.851562 0.888584 0.850586 0.897382 0.840820 0.888584 0.799805 0.876853 0.791992 0.868056 0.760742
1 0.753683 0.747070 0.750751 0.727539 0.733155 0.706055 0.727290 0.672852 0.709694 0.655273 0.700896 0.620117 0.686233 0.602539 0.680368 0.581055 0.659840 0.557617 0.630513 0.483398 0.612918 0.459961 0.607052 0.428711 0.589457 0.413086 0.536669 0.305664 0.504411 0.250977 0.495613 0.245117 0.489748 0.223633 0.472152 0.213867 0.457489 0.165039 0.439893 0.129883 0.428163 0.118164 0.419365 0.092773 0.398836 0.065430 0.395904 0.038086 0.392971 0.032227 0.379774 0.027344 0.375375 0.032227 0.378308 0.069336 0.401769 0.106445 0.401769 0.114258 0.388572 0.119141 0.384173 0.125977 0.401769 0.168945 0.422297 0.186523 0.434028 0.219727 0.454556 0.250977 0.472152 0.266602 0.513209 0.334961 0.522006 0.364258 0.560130 0.432617 0.563063 0.452148 0.586524 0.487305 0.589457 0.508789 0.615850 0.536133 0.618783 0.563477 0.642244 0.596680 0.642244 0.616211 0.656907 0.629883 0.662772 0.657227 0.686233 0.682617 0.703829 0.717773 0.715559 0.729492 0.771279 0.844727 0.781543 0.853516 0.800605 0.856445 0.794740 0.813477 0.777144 0.795898 0.774212 0.778320 0.753683 0.747070
1 0.351914 0.432617 0.359246 0.437500 0.375375 0.436523 0.378308 0.430664 0.368044 0.421875 0.351914 0.424805 0.351914 0.432617
1 0.445758 0.645508 0.429629 0.640625 0.428163 0.647461 0.460421 0.692383 0.463354 0.706055 0.470686 0.710938 0.480950 0.709961 0.480950 0.700195 0.469219 0.686523 0.460421 0.661133 0.445758 0.645508
1 0.771279 0.791992 0.752217 0.750000 0.750751 0.791992 0.759549 0.799805 0.765414 0.834961 0.774212 0.850586 0.793274 0.859375 0.800605 0.858398 0.803538 0.833008 0.794740 0.821289 0.794740 0.811523 0.771279 0.791992
1 0.551333 0.803711 0.539602 0.793945 0.536669 0.776367 0.516141 0.764648 0.516141 0.756836 0.505877 0.751953 0.507343 0.768555 0.539602 0.815430 0.539602 0.840820 0.577726 0.881836 0.592389 0.885742 0.595322 0.879883 0.586524 0.862305 0.563063 0.834961 0.551333 0.803711
1 0.577726 0.754883 0.565996 0.747070 0.563063 0.727539 0.551333 0.708008 0.539602 0.700195 0.542535 0.678711 0.538136 0.673828 0.516141 0.670898 0.513209 0.653320 0.505877 0.652344 0.498545 0.655273 0.495613 0.665039 0.522006 0.704102 0.539602 0.719727 0.542535 0.749023 0.551333 0.762695 0.560130 0.766602 0.563063 0.784180 0.580659 0.803711 0.586524 0.819336 0.599721 0.826172 0.607052 0.825195 0.607052 0.807617 0.598255 0.790039 0.586524 0.780273 0.577726 0.754883
1 0.648109 0.791992 0.639311 0.764648 0.615850 0.731445 0.612918 0.715820 0.601187 0.704102 0.574794 0.647461 0.557198 0.627930 0.536669 0.586914 0.517607 0.583984 0.513209 0.590820 0.524939 0.612305 0.522006 0.622070 0.542535 0.647461 0.539602 0.670898 0.557198 0.676758 0.615850 0.784180 0.656907 0.831055 0.656907 0.848633 0.668637 0.864258 0.668637 0.874023 0.681834 0.884766 0.692098 0.883789 0.692098 0.866211 0.680368 0.852539 0.677435 0.836914 0.648109 0.791992
1 0.416432 0.575195 0.387106 0.540039 0.354847 0.467773 0.337251 0.456055 0.343117 0.448242 0.331386 0.430664 0.307925 0.418945 0.302060 0.391602 0.281532 0.372070 0.278599 0.356445 0.263936 0.340820 0.261003 0.329102 0.268335 0.328125 0.287397 0.342773 0.310858 0.375977 0.321122 0.382812 0.337251 0.372070 0.337251 0.364258 0.328453 0.354492 0.322588 0.333008 0.304992 0.317383 0.284464 0.288086 0.278599 0.270508 0.258071 0.250977 0.233143 0.212891 0.205283 0.231445 0.221413 0.236328 0.225812 0.247070 0.234610 0.250977 0.234610 0.262695 0.246340 0.276367 0.249273 0.293945 0.239009 0.296875 0.227278 0.292969 0.208216 0.274414 0.187688 0.262695 0.186221 0.251953 0.178890 0.252930 0.167159 0.270508 0.167159 0.282227 0.190620 0.321289 0.199418 0.348633 0.237542 0.387695 0.255138 0.418945 0.307925 0.458008 0.334319 0.506836 0.395904 0.584961 0.416432 0.624023 0.425230 0.625977 0.442826 0.622070 0.434028 0.620117 0.416432 0.588867 0.416432 0.575195
0 0.274200 0.000000 0.263936 0.069336 0.269801 0.098633 0.261003 0.106445 0.258071 0.129883 0.249273 0.143555 0.252205 0.174805 0.234610 0.200195 0.231677 0.217773 0.190620 0.237305 0.187688 0.249023 0.178890 0.254883 0.173025 0.266602 0.175957 0.301758 0.193553 0.325195 0.199418 0.348633 0.240475 0.391602 0.261003 0.428711 0.280065 0.437500 0.316723 0.465820 0.313790 0.473633 0.319656 0.489258 0.337251 0.500977 0.340184 0.512695 0.360712 0.532227 0.369510 0.553711 0.398836 0.588867 0.410567 0.620117 0.431095 0.631836 0.445758 0.663086 0.457489 0.665039 0.460421 0.696289 0.469219 0.706055 0.478017 0.708008 0.478017 0.721680 0.501478 0.747070 0.507343 0.764648 0.536669 0.801758 0.551333 0.848633 0.563063 0.858398 0.563063 0.864258 0.587990 0.882812 0.602653 0.884766 0.614384 0.876953 0.631980 0.873047 0.658373 0.875000 0.711160 0.902344 0.743419 0.906250 0.778611 0.902344 0.922309 0.902344 0.939905 0.908203 0.953102 0.907227 0.983894 0.898438 0.994158 0.889648 0.994158 0.344727 0.973630 0.319336 0.970697 0.295898 0.960433 0.289062 0.939905 0.285156 0.929641 0.272461 0.929641 0.256836 0.950169 0.225586 0.950169 0.159180 0.941371 0.149414 0.941371 0.137695 0.926708 0.106445 0.897382 0.063477 0.860724 0.031250 0.828465 0.044922 0.818201 0.038086 0.809403 0.014648 0.793274 0.000000 0.274200 0.000000
0 0.004399 0.000000 0.005865 0.563477 0.024927 0.566406 0.060119 0.556641 0.168626 0.550781 0.224345 0.539062 0.256604 0.539062 0.296195 0.559570 0.296195 0.567383 0.316723 0.586914 0.334319 0.614258 0.431095 0.692383 0.436960 0.702148 0.431095 0.725586 0.439893 0.739258 0.439893 0.758789 0.414966 0.777344 0.409101 0.773438 0.401769 0.776367 0.395904 0.807617 0.391505 0.812500 0.378308 0.813477 0.378308 0.823242 0.422297 0.918945 0.425230 0.944336 0.431095 0.948242 0.447225 1.000000 0.749284 1.000000 0.747818 0.993164 0.758082 0.984375 0.772745 0.984375 0.774212 0.991211 0.781543 0.992188 0.780077 0.985352 0.799139 0.976562 0.825533 0.976562 0.837263 0.970703 0.851926 0.974609 0.863657 0.968750 0.901781 0.968750 0.904713 0.974609 0.913511 0.970703 0.916444 1.000000 0.934040 1.000000 0.934040 0.990234 0.942837 0.994141 0.948703 0.992188 0.944304 0.985352 0.950169 0.981445 0.941371 0.979492 0.950169 0.975586 0.941371 0.971680 0.963366 0.968750 0.958967 0.975586 0.973630 0.987305 0.961899 0.989258 0.958967 0.999023 0.973630 0.999023 0.967765 0.993164 0.985360 0.991211 0.982428 0.985352 0.988293 0.977539 0.988293 0.971680 0.979495 0.967773 0.994158 0.956055 0.994158 0.903320 0.985360 0.901367 0.997091 0.891602 0.997091 0.340820 0.979495 0.311523 0.985360 0.307617 0.985360 0.297852 0.979495 0.297852 0.978029 0.308594 0.976562 0.293945 0.957500 0.283203 0.948703 0.283203 0.950169 0.276367 0.945770 0.273438 0.942837 0.277344 0.938438 0.272461 0.939905 0.265625 0.950169 0.266602 0.950169 0.258789 0.942837 0.261719 0.938438 0.250977 0.950169 0.243164 0.953102 0.233398 0.956034 0.161133 0.923775 0.092773 0.925242 0.089844 0.936972 0.105469 0.938438 0.079102 0.931107 0.082031 0.922309 0.078125 0.929641 0.086914 0.919376 0.087891 0.909112 0.073242 0.914977 0.067383 0.914977 0.049805 0.897382 0.047852 0.906180 0.053711 0.907646 0.068359 0.888584 0.045898 0.891517 0.032227 0.884185 0.029297 0.878320 0.035156 0.865123 0.024414 0.868056 0.018555 0.863657 0.015625 0.831398 0.015625 0.826999 0.018555 0.832864 0.022461 0.819667 0.023438 0.815268 0.018555 0.824066 0.006836 0.819667 0.000000 0.004399 0.000000
