1 0.603413 0.000000 0.602195 0.002146 0.598287 0.053693 0.594214 0.063447 0.595737 0.101989 0.591746 0.132640 0.589710 0.137517 0.585995 0.133758 0.583362 0.161157 0.586967 0.241119 0.582499 0.289788 0.586737 0.321826 0.582829 0.373374 0.588902 0.384143 0.574004 0.394508 0.572289 0.411273 0.573334 0.467832 0.577490 0.478974 0.568784 0.495604 0.574142 0.533400 0.566482 0.606590 0.571197 0.620611 0.563610 0.642998 0.562500 0.708939 0.565940 0.747108 0.562509 0.780637 0.566114 0.860599 0.560206 0.891623 0.561766 0.904763 0.588286 0.887658 0.595157 0.892298 0.615687 0.885320 0.619879 0.871061 0.615164 0.857040 0.603340 0.847388 0.607330 0.816738 0.600138 0.800211 0.602285 0.719130 0.599487 0.704737 0.600203 0.677710 0.607468 0.643435 0.604909 0.620033 0.612257 0.606654 0.610652 0.547216 0.615679 0.501426 0.604891 0.476636 0.614596 0.470268 0.617670 0.450252 0.615587 0.408831 0.606717 0.383668 0.619816 0.369172 0.614377 0.310479 0.620844 0.282334 0.619239 0.222896 0.624587 0.188994 0.626972 0.098905 0.631284 0.080142 0.631155 0.012948 0.629443 0.000000 0.603413 0.000000
1 0.241432 0.372516 0.213472 0.371976 0.141974 0.382886 0.138020 0.388136 0.151083 0.399040 0.243111 0.381152 0.241432 0.372516
1 1.000000 0.468602 0.998053 0.467432 0.949801 0.464861 0.863205 0.469744 0.856334 0.465104 0.778763 0.465245 0.767820 0.470359 0.720925 0.464537 0.704789 0.473649 0.699836 0.468637 0.673554 0.476733 0.641759 0.476938 0.608845 0.471386 0.563629 0.474200 0.546612 0.468545 0.517854 0.474135 0.483022 0.468956 0.344339 0.472013 0.261256 0.464263 0.208371 0.468567 0.165871 0.464879 0.130801 0.468708 0.126049 0.480088 0.132800 0.489232 0.207334 0.483706 0.250394 0.490274 0.312067 0.490236 0.329084 0.495891 0.371263 0.487692 0.423909 0.492396 0.518175 0.486023 0.537109 0.491305 0.649189 0.484456 0.815595 0.490948 0.898357 0.486811 0.964983 0.491785 0.971854 0.496424 1.000000 0.493351 1.000000 0.468602
1 0.254440 0.265424 0.250844 0.257161 0.220407 0.254115 0.207546 0.259602 0.200675 0.254963 0.195923 0.266343 0.228397 0.264512 0.235268 0.269151 0.245652 0.261158 0.251165 0.269048 0.265146 0.269318 0.283758 0.262713 0.254440 0.265424
1 0.608753 0.378791 0.581352 0.381130 0.547878 0.372699 0.478537 0.374227 0.440550 0.368167 0.456567 0.363560 0.469189 0.367082 0.475060 0.361459 0.468868 0.355194 0.439550 0.357906 0.410553 0.372505 0.388904 0.373725 0.319241 0.363366 0.261164 0.371668 0.225773 0.363609 0.187988 0.373942 0.161945 0.373029 0.136103 0.388508 0.149166 0.399413 0.188630 0.397717 0.228332 0.387012 0.264521 0.388940 0.277704 0.395340 0.357191 0.394827 0.378602 0.402615 0.432284 0.392180 0.558107 0.394611 0.611790 0.384176 0.608753 0.378791
1 0.906282 0.619708 0.899733 0.626956 0.896696 0.621571 0.877524 0.625298 0.872570 0.620286 0.823759 0.614836 0.795000 0.620427 0.678204 0.613254 0.595442 0.617392 0.542236 0.609809 0.481123 0.612725 0.446292 0.607546 0.411222 0.611375 0.157100 0.604009 0.139726 0.611867 0.147597 0.626769 0.182667 0.622939 0.323029 0.628518 0.365768 0.623198 0.402516 0.628005 0.553822 0.628469 0.616293 0.622301 0.761609 0.632892 0.836143 0.627367 0.884395 0.629938 0.889348 0.634950 0.918107 0.629360 0.906282 0.619708
1 1.000000 0.468602 0.998053 0.467432 0.909301 0.481696 0.905347 0.486946 0.954278 0.487891 0.983917 0.497067 1.000000 0.493941 1.000000 0.468602
1 0.986220 0.386082 0.845060 0.386633 0.814063 0.380708 0.752390 0.380746 0.732897 0.372585 0.586985 0.384516 0.595094 0.390409 0.652134 0.397246 0.677058 0.392401 0.760142 0.400152 0.788900 0.394562 0.988458 0.397597 0.986220 0.386082
1 0.980184 0.349911 0.964406 0.345509 0.807908 0.349042 0.711404 0.343900 0.690314 0.348000 0.677893 0.360870 0.689837 0.366017 0.750152 0.369231 0.773159 0.364759 0.795927 0.369296 0.858958 0.366006 0.879809 0.370916 0.962571 0.366778 0.983982 0.374567 0.980184 0.349911
1 0.863398 0.102242 0.774563 0.095610 0.661804 0.104084 0.667078 0.120984 0.674628 0.123998 0.731347 0.118948 0.813073 0.129950 0.830649 0.138483 0.841033 0.130490 0.843189 0.121108 0.859087 0.121005 0.867554 0.113385 0.863398 0.102242
1 0.896009 0.239304 0.854867 0.232364 0.836254 0.238969 0.715945 0.244430 0.705239 0.240536 0.686067 0.244262 0.681315 0.255642 0.709156 0.260687 0.720100 0.255572 0.748620 0.258991 0.807257 0.253568 0.866214 0.260033 0.914705 0.253595 0.896009 0.239304
0 0.489593 0.000000 0.402720 0.020007 0.411627 0.019770 0.412746 0.025527 0.405077 0.027018 0.399564 0.019127 0.356825 0.024447 0.198254 0.058258 0.187310 0.063373 0.175210 0.088131 0.179650 0.136562 0.172540 0.140931 0.167587 0.135919 0.159679 0.146419 0.152808 0.141779 0.152010 0.147909 0.147616 0.145776 0.147139 0.163794 0.137672 0.161153 0.139268 0.148892 0.134755 0.151263 0.131719 0.145879 0.129884 0.167148 0.117500 0.154617 0.114785 0.161120 0.102722 0.160478 0.098089 0.167353 0.082751 0.170334 0.075880 0.165695 0.031784 0.174266 0.014208 0.165733 0.004942 0.179484 0.000000 0.180445 0.000000 0.237630 0.010703 0.250064 0.021408 0.253958 0.044415 0.249486 0.049929 0.257377 0.065266 0.254396 0.082723 0.267434 0.085081 0.274444 0.086439 0.271193 0.100740 0.283351 0.112803 0.283993 0.126306 0.302281 0.136452 0.303296 0.136892 0.310680 0.145121 0.312068 0.146799 0.320704 0.157266 0.333607 0.154514 0.365511 0.141892 0.361989 0.141414 0.380007 0.134424 0.379872 0.141699 0.417296 0.146212 0.414925 0.150487 0.421562 0.138864 0.428303 0.130480 0.456820 0.125966 0.459191 0.124251 0.475956 0.113224 0.460174 0.114866 0.494212 0.098253 0.521341 0.100492 0.532856 0.096419 0.542610 0.101372 0.547622 0.097859 0.560255 0.104014 0.591921 0.091832 0.595783 0.089116 0.602286 0.082805 0.600525 0.081209 0.612786 0.076255 0.607773 0.068348 0.618273 0.048497 0.623625 0.055367 0.628265 0.054450 0.638899 0.062238 0.632904 0.059881 0.625894 0.100143 0.618068 0.103619 0.630836 0.122315 0.645127 0.120278 0.650004 0.116682 0.641740 0.114527 0.651122 0.107656 0.646482 0.106858 0.652613 0.099189 0.654103 0.091758 0.646585 0.089602 0.655967 0.082053 0.652953 0.079695 0.645942 0.074265 0.658948 0.064357 0.648924 0.060046 0.667687 0.050817 0.656037 0.051854 0.640898 0.045662 0.634633 0.041149 0.637004 0.047662 0.655157 0.038635 0.659899 0.037837 0.666029 0.029049 0.661762 0.030728 0.670398 0.022059 0.661627 0.026655 0.680152 0.045708 0.680930 0.034764 0.686045 0.046588 0.695697 0.046846 0.700021 0.253357 0.803386 0.262880 0.904784 0.269937 0.914884 0.315343 0.951946 0.355063 1.000000 0.499412 1.000000 0.502102 0.997024 0.517440 0.994042 0.524311 0.998682 0.528943 0.991806 0.533897 0.996818 0.557463 0.995225 0.577993 0.988247 0.580709 0.981744 0.585662 0.986756 0.934600 0.918930 0.958405 0.908327 1.000000 0.900242 1.000000 0.456973 0.911173 0.000000 0.559018 0.000000 0.559016 0.000083 0.558952 0.000000 0.489593 0.000000
1 0.498875 0.110361 0.461888 0.114563 0.440477 0.106775 0.402930 0.108098 0.391665 0.101325 0.362907 0.106915 0.354917 0.096518 0.333827 0.100618 0.326956 0.095978 0.287254 0.106683 0.240121 0.109870 0.202693 0.106689 0.222627 0.122233 0.273356 0.127310 0.343496 0.119651 0.373135 0.128827 0.404930 0.128622 0.441358 0.121541 0.491527 0.123739 0.503030 0.121503 0.505746 0.115000 0.498875 0.110361
1 0.469392 0.071279 0.433441 0.060342 0.386308 0.063529 0.362421 0.053234 0.345166 0.056589 0.256330 0.049956 0.239516 0.060694 0.242433 0.070583 0.265761 0.077998 0.300830 0.074169 0.324158 0.081584 0.390225 0.083680 0.419864 0.092856 0.442871 0.088384 0.460448 0.096918 0.473868 0.094309 0.477941 0.084555 0.469392 0.071279
1 0.572179 0.175281 0.564070 0.169388 0.491692 0.165532 0.401261 0.171160 0.382327 0.165878 0.283107 0.167239 0.263375 0.168087 0.259422 0.173337 0.268090 0.182108 0.282630 0.185257 0.324011 0.183188 0.330882 0.187828 0.389280 0.191414 0.430102 0.186467 0.515900 0.187714 0.572060 0.179785 0.572179 0.175281
1 0.522661 0.268556 0.517029 0.265170 0.437780 0.256674 0.343514 0.263048 0.275768 0.252316 0.252761 0.256788 0.202033 0.251711 0.123105 0.255103 0.090191 0.249551 0.072376 0.250026 0.070339 0.254904 0.079568 0.266553 0.101777 0.268212 0.104813 0.273596 0.171118 0.266683 0.191969 0.271592 0.289272 0.270604 0.344394 0.277814 0.371795 0.275475 0.379785 0.285872 0.386335 0.278624 0.419488 0.275167 0.438422 0.280450 0.523661 0.278818 0.522661 0.268556
