0 0.013318 0.000000 0.007086 0.145640 0.065164 0.231628 0.081785 0.286614 0.127699 0.342111 0.128936 0.383155 0.223509 0.560613 0.312984 0.806353 0.345092 0.869423 0.379731 0.899329 0.425854 0.998782 0.495637 1.000000 0.689013 1.000000 0.701475 0.987966 0.708708 1.000000 0.757859 1.000000 0.773180 0.964799 0.763479 0.905051 0.858929 0.920391 0.934743 0.885576 0.995714 0.749900 1.000000 0.484311 1.000000 0.008651 0.504363 0.000000 0.013318 0.000000
1 0.210735 0.229285 0.358810 0.643065 0.384815 0.664030 0.213199 0.200027 0.210735 0.229285
1 0.338579 0.000000 0.408146 0.278637 0.377315 0.310330 0.332229 0.319310 0.402531 0.320537 0.422644 0.343353 0.452740 0.521639 0.481283 0.565113 0.496949 0.674778 0.514082 0.700472 0.508949 0.770705 0.522998 0.805135 0.542215 0.767379 0.526626 0.765154 0.520383 0.675187 0.498108 0.608382 0.499676 0.518552 0.470759 0.496559 0.440219 0.343659 0.449297 0.327214 0.496267 0.322173 0.562765 0.317474 0.588907 0.330627 0.607423 0.500898 0.596392 0.517310 0.560214 0.519609 0.601944 0.534988 0.621920 0.565614 0.635712 0.782685 0.607413 0.781214 0.574692 0.753295 0.557872 0.765699 0.630506 0.801152 0.641576 0.838460 0.650882 0.696999 0.640221 0.636257 0.653925 0.634543 0.624759 0.514875 0.612545 0.319319 0.639369 0.293416 0.629332 0.308869 0.794090 0.326395 0.781770 0.864348 0.819156 0.569057 0.838737 0.006813 0.821162 0.006506 0.820796 0.139333 0.797684 0.288366 0.611206 0.284135 0.580827 0.010125 0.558523 0.000945 0.582016 0.277765 0.494825 0.292847 0.438364 0.282094 0.424007 0.265240 0.381581 0.121899 0.365982 0.008328 0.345131 0.000000 0.338579 0.000000
1 0.236502 0.263920 0.221805 0.266594 0.234861 0.301983 0.236502 0.263920
1 0.120617 0.000000 0.143087 0.020065 0.134526 0.062891 0.172662 0.116299 0.209674 0.234150 0.227902 0.253026 0.153592 0.000000 0.120617 0.000000
1 0.649820 0.701864 0.665238 0.713854 0.775590 0.714803 0.691034 0.690863 0.649820 0.701864
1 0.517369 0.680018 0.524907 0.695777 0.629401 0.696624 0.574137 0.673195 0.517369 0.680018
1 0.275900 0.636735 0.306770 0.658761 0.449945 0.681771 0.433261 0.686364 0.491091 0.674676 0.416333 0.648953 0.367410 0.653959 0.348223 0.634090 0.275900 0.636735
1 1.000000 0.279062 0.920985 0.274891 0.844518 0.291137 0.833459 0.365174 0.853328 0.345987 0.947200 0.339812 0.970906 0.324598 0.969489 0.350588 0.997837 0.348509 1.000000 0.364411 1.000000 0.279062
1 0.974467 0.680183 0.991458 0.658015 0.995694 0.527210 0.861943 0.523899 0.833132 0.551720 0.822073 0.625757 0.835470 0.641619 0.821011 0.630622 0.818615 0.655975 0.859250 0.678172 0.917801 0.681147 0.913690 0.692796 0.903069 0.685774 0.898550 0.720856 0.922875 0.726165 0.926571 0.682277 0.974467 0.680183
