1 0.112502 0.405463 0.125143 0.413270 0.149288 0.414134 0.173270 0.433021 0.194814 0.440435 0.212618 0.439649 0.231559 0.453611 0.245542 0.453637 0.272126 0.465975 0.296271 0.466840 0.303831 0.474227 0.322854 0.479178 0.331797 0.474279 0.348828 0.488648 0.382525 0.487481 0.388785 0.498143 0.399557 0.501850 0.416751 0.498195 0.433701 0.521576 0.451424 0.529801 0.460976 0.527771 0.472967 0.537215 0.492681 0.536022 0.497721 0.540947 0.503453 0.539729 0.504144 0.533586 0.507883 0.541785 0.533248 0.548387 0.554262 0.543920 0.556214 0.539008 0.548694 0.527115 0.524549 0.526250 0.459390 0.492130 0.439676 0.493322 0.418824 0.479766 0.401020 0.480552 0.372526 0.468620 0.352202 0.466943 0.333260 0.452981 0.307205 0.452523 0.271760 0.436072 0.252046 0.437264 0.233714 0.426170 0.183595 0.415836 0.154491 0.401035 0.111933 0.398089 0.112502 0.405463
1 0.175139 0.084840 0.219527 0.096392 0.225786 0.107054 0.253833 0.098095 0.264605 0.101801 0.293262 0.095710 0.321756 0.107642 0.347892 0.099089 0.380289 0.101197 0.421465 0.116430 0.454552 0.112395 0.484347 0.121053 0.539669 0.118288 0.551172 0.111346 0.544262 0.102321 0.471909 0.090717 0.454186 0.082492 0.384882 0.085230 0.369679 0.079467 0.323300 0.077333 0.307488 0.068701 0.247736 0.069409 0.205259 0.057451 0.150466 0.072096 0.175139 0.084840
1 0.577635 0.559939 0.613690 0.579258 0.641655 0.579310 0.681531 0.597818 0.762054 0.619678 0.806360 0.640241 0.841887 0.647681 0.855788 0.656718 0.871681 0.656338 0.892534 0.669895 0.929523 0.656036 0.949359 0.641327 0.944969 0.634764 0.939848 0.638851 0.913183 0.635524 0.905622 0.628137 0.876437 0.622348 0.818839 0.595615 0.753437 0.588530 0.739535 0.579492 0.725552 0.579466 0.700269 0.563853 0.678035 0.562583 0.664133 0.553545 0.624786 0.546918 0.605844 0.532956 0.582919 0.537829 0.573977 0.542727 0.573286 0.548871 0.577635 0.559939
1 0.079292 0.211647 0.087503 0.217397 0.119290 0.216637 0.159856 0.229001 0.197984 0.229891 0.228998 0.244286 0.267735 0.248045 0.296229 0.259977 0.331227 0.255536 0.366062 0.269119 0.399759 0.267952 0.412360 0.280265 0.431465 0.276204 0.446667 0.281967 0.466381 0.280775 0.480892 0.292681 0.518410 0.290702 0.546904 0.302635 0.570440 0.300630 0.603974 0.317487 0.633240 0.314265 0.656613 0.330284 0.668685 0.330716 0.699700 0.345110 0.713073 0.342268 0.731405 0.353362 0.770142 0.357121 0.790995 0.370677 0.812619 0.369079 0.866559 0.378601 0.869770 0.374920 0.874810 0.379845 0.902166 0.377028 0.927449 0.392641 0.938912 0.390205 0.970617 0.398456 0.973300 0.382895 0.979641 0.384546 0.981592 0.379634 0.968341 0.368959 0.965739 0.375508 0.959480 0.364846 0.926555 0.350857 0.880786 0.351591 0.783840 0.318231 0.733031 0.314041 0.655109 0.285631 0.570074 0.270727 0.518126 0.251787 0.494591 0.253792 0.468007 0.241453 0.443252 0.237721 0.410165 0.241755 0.363258 0.227741 0.267369 0.218141 0.257898 0.211160 0.238794 0.215221 0.168433 0.194199 0.136036 0.192090 0.125956 0.182240 0.084007 0.182163 0.076284 0.192799 0.079292 0.211647
1 0.095673 0.298109 0.106404 0.306322 0.230705 0.336865 0.244607 0.345903 0.282653 0.355805 0.312367 0.373474 0.340333 0.373526 0.356754 0.385026 0.375859 0.380965 0.413214 0.397010 0.440570 0.394194 0.472804 0.414326 0.494429 0.412727 0.533694 0.428366 0.553409 0.427174 0.628201 0.450252 0.658686 0.452767 0.734088 0.478713 0.753030 0.492676 0.787865 0.506258 0.822782 0.510829 0.844244 0.527254 0.889932 0.535532 0.895704 0.529808 0.897736 0.515884 0.905378 0.514260 0.946554 0.529493 0.983462 0.524646 0.987324 0.519328 0.979804 0.507434 0.973463 0.505784 0.946107 0.508601 0.915093 0.494206 0.888428 0.490879 0.874526 0.481842 0.836480 0.471940 0.785670 0.467749 0.772460 0.452568 0.750225 0.451298 0.742665 0.443911 0.682465 0.423727 0.566416 0.394428 0.547474 0.380465 0.515687 0.381225 0.489104 0.368887 0.410409 0.355633 0.383216 0.340426 0.360982 0.339156 0.340739 0.328468 0.304522 0.327171 0.283669 0.313615 0.249972 0.314781 0.225299 0.302037 0.205585 0.303229 0.170750 0.289647 0.152946 0.290433 0.132094 0.276876 0.088845 0.280073 0.095673 0.298109
1 0.590399 0.624684 0.596699 0.630840 0.604341 0.629216 0.603853 0.612830 0.593122 0.604617 0.588000 0.608704 0.590399 0.624684
1 0.299767 0.572530 0.306067 0.578686 0.320050 0.578712 0.370697 0.600926 0.377079 0.598071 0.368949 0.583309 0.350617 0.572215 0.323952 0.568889 0.308140 0.560257 0.298588 0.562287 0.299767 0.572530
1 0.087503 0.287853 0.100063 0.304671 0.117176 0.310028 0.152784 0.308456 0.162255 0.315437 0.203024 0.305272 0.157986 0.295358 0.134004 0.276470 0.124452 0.278500 0.111160 0.272331 0.086934 0.280479 0.087503 0.287853
1 0.110348 0.503360 0.158394 0.532124 0.183229 0.526845 0.235787 0.548653 0.252331 0.546635 0.245421 0.537611 0.237779 0.539235 0.222048 0.521592 0.204244 0.522378 0.192253 0.512934 0.159247 0.507957 0.127623 0.490694 0.108600 0.485743 0.103478 0.489830 0.110348 0.503360
1 0.160223 0.470273 0.169653 0.481760 0.186156 0.484249 0.208919 0.497399 0.226722 0.496613 0.232373 0.504407 0.247575 0.510170 0.276841 0.506947 0.295783 0.520910 0.339480 0.538605 0.348422 0.533706 0.349763 0.525926 0.347284 0.518957 0.329480 0.519743 0.322042 0.498838 0.316351 0.495551 0.295946 0.502886 0.285865 0.493036 0.264322 0.485623 0.244607 0.486815 0.234527 0.476965 0.207862 0.473639 0.195871 0.464195 0.176848 0.459244 0.159654 0.462899 0.160223 0.470273
1 0.085837 0.402137 0.099088 0.412812 0.108640 0.410781 0.126363 0.419007 0.143557 0.415352 0.197944 0.445766 0.315213 0.480802 0.324602 0.496795 0.346918 0.489054 0.376022 0.503854 0.384964 0.498955 0.408418 0.505963 0.414190 0.500239 0.407361 0.482202 0.362974 0.470650 0.340211 0.457500 0.279321 0.443459 0.265419 0.434421 0.249526 0.434802 0.212170 0.418757 0.183595 0.415836 0.133557 0.396491 0.117664 0.396871 0.101852 0.388239 0.084658 0.391894 0.085837 0.402137
1 0.396062 0.607528 0.438538 0.619486 0.527761 0.663482 0.581009 0.679147 0.630193 0.722659 0.664419 0.733373 0.710554 0.762542 0.739129 0.765463 0.782216 0.780290 0.793679 0.777853 0.808434 0.762724 0.807865 0.755350 0.797052 0.756149 0.781322 0.738506 0.759209 0.723718 0.752949 0.713056 0.753681 0.702407 0.771485 0.701621 0.787297 0.710253 0.798759 0.707816 0.804410 0.715610 0.815832 0.717679 0.823961 0.732441 0.836318 0.701332 0.793882 0.684868 0.770509 0.668849 0.752096 0.666766 0.719171 0.652778 0.700229 0.638815 0.677995 0.637545 0.666613 0.630970 0.658971 0.632594 0.651818 0.650605 0.660638 0.659223 0.697993 0.675268 0.716285 0.690868 0.716854 0.698242 0.704782 0.697810 0.686450 0.686716 0.670556 0.687096 0.647184 0.671077 0.619218 0.671025 0.602878 0.650514 0.583245 0.642694 0.576822 0.650055 0.561701 0.635281 0.484308 0.618752 0.443823 0.597376 0.430450 0.600218 0.396224 0.589504 0.392484 0.581305 0.392322 0.599328 0.396062 0.607528
0 0.475545 0.000000 0.016125 0.097653 0.009662 0.109520 0.007467 0.141467 0.009256 0.154578 0.018645 0.170571 0.048522 0.311130 0.052018 0.346364 0.062546 0.377106 0.100267 0.423055 0.107665 0.448465 0.107502 0.466489 0.102300 0.479587 0.107259 0.493524 0.130591 0.514048 0.136322 0.512830 0.148313 0.522274 0.197212 0.526871 0.239608 0.547841 0.258021 0.549923 0.287735 0.567592 0.301108 0.564750 0.304848 0.572949 0.316229 0.579525 0.347406 0.575896 0.351755 0.586964 0.385371 0.594809 0.401102 0.612453 0.434108 0.617430 0.474593 0.638805 0.497437 0.642944 0.520810 0.658963 0.532882 0.659395 0.548003 0.674170 0.564506 0.676658 0.571538 0.672166 0.606861 0.702134 0.619421 0.718952 0.659988 0.731317 0.710554 0.762542 0.734699 0.763407 0.761282 0.775745 0.796280 0.771304 0.806523 0.763130 0.810426 0.753307 0.821278 0.748002 0.831847 0.703781 0.848431 0.697258 0.869608 0.674768 0.900785 0.671139 0.912329 0.659691 0.934645 0.651950 0.940457 0.641720 0.970334 0.641366 1.000000 0.630320 1.000000 0.447448 0.928099 0.109179 0.910417 0.096448 0.885662 0.092715 0.876842 0.084097 0.883508 0.049700 0.844364 0.020544 0.796237 0.000792 0.792843 0.000000 0.687122 0.000000 0.674822 0.002614 0.648523 0.029191 0.633239 0.032440 0.618688 0.025040 0.610599 0.005772 0.604691 0.000000 0.475545 0.000000
0 0.461440 0.000000 0.013605 0.095190 0.006492 0.108695 0.002752 0.100495 0.000000 0.101080 0.000000 0.552552 0.021899 0.655578 0.075879 0.660594 0.080919 0.665519 0.106365 0.663108 0.209123 0.686239 0.218675 0.684208 0.216886 0.671097 0.220748 0.665779 0.250095 0.653544 0.251437 0.645764 0.246396 0.640839 0.259363 0.612599 0.278467 0.608538 0.293670 0.614301 0.315376 0.603691 0.326147 0.607398 0.422686 0.685816 0.453091 0.697342 0.476463 0.713361 0.484105 0.711737 0.512396 0.746199 0.519103 0.777752 0.519225 0.834691 0.536054 0.942045 0.533818 0.978498 0.540647 0.996534 1.000000 0.900144 1.000000 0.447448 0.922611 0.083362 0.915010 0.080481 0.905377 0.091523 0.899686 0.088235 0.897897 0.075124 0.902938 0.080049 0.904889 0.075137 0.898182 0.043583 0.894402 0.039889 0.889280 0.043976 0.876029 0.033301 0.880541 0.026346 0.876151 0.019783 0.863387 0.025495 0.837454 0.011519 0.852087 0.009908 0.859648 0.017295 0.854079 0.000490 0.836885 0.004145 0.832373 0.011100 0.815911 0.004106 0.815438 0.000000 0.811245 0.000000 0.810220 0.000818 0.806749 0.000000 0.671937 0.000000 0.666571 0.001370 0.657628 0.006269 0.652425 0.019368 0.641003 0.017298 0.642345 0.009518 0.634703 0.011142 0.637792 0.020979 0.631410 0.023834 0.625720 0.020547 0.628931 0.016866 0.625151 0.013172 0.618769 0.016028 0.616940 0.007422 0.610395 0.000000 0.461440 0.000000
