0 0.023310 0.000000 0.011858 0.151697 0.027337 0.156146 0.026519 0.179570 0.011381 0.165361 0.000000 0.507047 0.000000 0.774140 0.038572 0.785828 0.031192 0.885241 0.049019 0.906384 0.168880 0.943793 0.215931 0.939573 0.363052 0.979888 0.720051 0.998218 0.982088 0.993688 1.000000 0.495057 1.000000 0.018116 0.495452 0.000000 0.023310 0.000000
1 0.921813 0.453169 0.816148 0.428959 0.654002 0.427205 0.669140 0.441414 0.921813 0.453169
1 0.730189 0.595983 0.996185 0.617974 0.995925 0.597445 0.789224 0.584364 0.734502 0.584407 0.730189 0.595983
1 0.000000 0.539318 0.058531 0.550053 0.051492 0.639706 0.009956 0.653890 0.070794 0.674580 0.101560 0.660997 0.074847 0.642476 0.090840 0.548250 0.265845 0.545567 0.083181 0.515736 0.094261 0.422316 0.124562 0.394059 0.097644 0.381394 0.098704 0.267103 0.077084 0.298594 0.067411 0.407698 0.049707 0.410989 0.064777 0.427149 0.059758 0.514918 0.000122 0.515767 0.000000 0.519255 0.000000 0.539318
1 0.523290 0.728491 0.534648 0.766997 0.557619 0.724804 0.580826 0.759815 0.605228 0.676632 0.649639 0.244324 0.945391 0.253675 0.966931 0.252473 0.972458 0.234100 0.653351 0.221979 0.668935 0.139465 0.643436 0.114146 0.619362 0.215907 0.588801 0.223634 0.586706 0.087736 0.566518 0.078236 0.549211 0.098152 0.543974 0.220114 0.340973 0.213025 0.349636 0.104863 0.333568 0.061307 0.311359 0.053692 0.291629 0.226937 0.295354 0.484059 0.275053 0.729594 0.288705 0.758408 0.305398 0.756060 0.321038 0.699931 0.326560 0.541824 0.341382 0.509118 0.345069 0.235643 0.542215 0.242527 0.523290 0.728491
1 0.000000 0.771601 0.963938 0.785897 0.989381 0.784831 0.990800 0.772177 0.131075 0.739224 0.000000 0.746362 0.000000 0.771601
1 0.304556 0.220548 0.011096 0.201506 0.009937 0.234689 0.304556 0.220548
1 0.152174 0.666674 0.122294 0.654881 0.119729 0.672381 0.152174 0.666674
1 0.526859 0.570316 0.374416 0.542518 0.344456 0.561015 0.526859 0.570316
1 0.299964 0.408002 0.293848 0.387268 0.090506 0.389939 0.299964 0.408002
1 0.000000 0.539207 0.279509 0.546044 0.000190 0.513815 0.000000 0.519255 0.000000 0.539207
1 0.518457 0.391203 0.399320 0.388997 0.377236 0.405814 0.390490 0.418003 0.528272 0.417929 0.505190 0.407351 0.518457 0.391203
