1 0.250739 0.669922 0.309391 0.660156 0.335785 0.648438 0.394437 0.642578 0.406168 0.626953 0.432561 0.630859 0.473618 0.625000 0.492680 0.618164 0.497079 0.607422 0.523473 0.613281 0.567462 0.599609 0.626114 0.589844 0.637845 0.580078 0.661306 0.578125 0.693565 0.564453 0.719958 0.558594 0.734621 0.558594 0.813802 0.541016 0.831398 0.544922 0.860724 0.535156 0.872454 0.544922 0.887118 0.546875 0.900314 0.540039 0.903247 0.518555 0.897382 0.512695 0.909112 0.483398 0.895915 0.484375 0.866589 0.496094 0.787409 0.507812 0.755150 0.517578 0.717026 0.521484 0.652508 0.535156 0.631980 0.546875 0.617317 0.544922 0.546934 0.566406 0.508810 0.568359 0.494146 0.580078 0.482416 0.578125 0.426696 0.587891 0.410567 0.592773 0.403235 0.609375 0.391505 0.605469 0.341650 0.619141 0.309391 0.621094 0.262470 0.634766 0.183289 0.646484 0.156895 0.654297 0.161294 0.657227 0.156895 0.660156 0.127569 0.669922 0.089445 0.675781 0.080647 0.681641 0.030793 0.695312 0.020528 0.704102 0.023461 0.717773 0.030793 0.722656 0.046922 0.721680 0.112906 0.708984 0.130502 0.701172 0.218480 0.681641 0.250739 0.669922
1 0.319656 0.243164 0.325521 0.270508 0.334319 0.270508 0.334319 0.176758 0.321122 0.166016 0.316723 0.170898 0.319656 0.243164
1 0.551333 0.811523 0.513209 0.649414 0.498545 0.538086 0.489748 0.520508 0.478017 0.426758 0.463354 0.375977 0.463354 0.333008 0.454556 0.317383 0.442826 0.256836 0.428163 0.215820 0.419365 0.141602 0.409101 0.136719 0.398836 0.143555 0.401769 0.178711 0.413499 0.219727 0.419365 0.272461 0.442826 0.352539 0.466287 0.489258 0.478017 0.522461 0.478017 0.551758 0.486815 0.567383 0.492680 0.612305 0.504411 0.643555 0.510276 0.674805 0.507343 0.702148 0.513209 0.706055 0.507343 0.723633 0.522006 0.768555 0.519074 0.780273 0.533737 0.856445 0.539602 0.862305 0.551333 0.948242 0.563063 0.995117 0.567462 1.000000 0.589457 0.999023 0.586524 0.963867 0.580659 0.958008 0.563063 0.893555 0.551333 0.811523
1 0.222879 0.284180 0.217014 0.278320 0.212615 0.246094 0.202351 0.252930 0.208216 0.258789 0.205283 0.272461 0.214081 0.301758 0.222879 0.303711 0.225812 0.333008 0.228744 0.313477 0.225812 0.299805 0.217014 0.295898 0.222879 0.284180
1 0.369510 0.379883 0.354847 0.301758 0.346049 0.290039 0.337251 0.254883 0.340184 0.213867 0.334319 0.174805 0.321122 0.164062 0.310858 0.192383 0.316723 0.217773 0.313790 0.256836 0.328453 0.290039 0.331386 0.348633 0.354847 0.415039 0.357780 0.436523 0.348982 0.467773 0.351914 0.497070 0.359246 0.501953 0.363645 0.495117 0.357780 0.483398 0.359246 0.466797 0.372443 0.502930 0.384173 0.571289 0.398836 0.602539 0.401769 0.629883 0.407634 0.631836 0.407634 0.577148 0.381241 0.454102 0.381241 0.399414 0.369510 0.379883
1 0.680368 0.731445 0.642244 0.590820 0.636379 0.528320 0.607052 0.379883 0.595322 0.344727 0.592389 0.301758 0.560130 0.165039 0.557198 0.129883 0.541068 0.125000 0.536669 0.143555 0.592389 0.391602 0.595322 0.426758 0.607052 0.459961 0.615850 0.520508 0.633446 0.571289 0.645176 0.653320 0.674503 0.766602 0.674503 0.795898 0.689166 0.842773 0.695031 0.846680 0.695031 0.866211 0.700896 0.868164 0.695031 0.875977 0.706761 0.885742 0.706761 0.856445 0.700896 0.852539 0.689166 0.805664 0.680368 0.731445
1 0.560130 0.905273 0.563063 0.995117 0.567462 1.000000 0.589457 0.999023 0.589457 0.975586 0.574794 0.948242 0.564529 0.900391 0.560130 0.905273
1 0.428163 0.668945 0.410567 0.614258 0.403235 0.607422 0.419365 0.752930 0.431095 0.770508 0.442826 0.831055 0.454556 0.860352 0.480950 0.999023 0.492680 0.999023 0.451623 0.803711 0.451623 0.774414 0.428163 0.694336 0.428163 0.668945
1 0.428163 0.815430 0.419365 0.793945 0.419365 0.770508 0.404702 0.711914 0.397370 0.701172 0.387106 0.715820 0.387106 0.737305 0.410567 0.831055 0.436960 0.985352 0.444292 1.000000 0.469219 0.999023 0.457489 0.979492 0.445758 0.897461 0.436960 0.877930 0.428163 0.815430
1 0.208216 0.893555 0.196486 0.877930 0.170092 0.799805 0.164227 0.743164 0.159828 0.736328 0.142232 0.734375 0.155429 0.846680 0.178890 0.932617 0.190620 0.934570 0.196486 0.924805 0.193553 0.909180 0.202351 0.905273 0.208216 0.893555
1 0.302060 0.762695 0.304992 0.750977 0.294728 0.724609 0.284464 0.731445 0.284464 0.750977 0.290329 0.760742 0.307925 0.879883 0.304992 0.899414 0.319656 0.938477 0.337251 0.954102 0.334319 0.905273 0.316723 0.848633 0.310858 0.790039 0.302060 0.762695
0 0.988293 0.487305 0.994158 0.483398 0.997091 0.461914 0.994158 0.438477 0.988293 0.434570 0.994158 0.428711 0.988293 0.422852 0.988293 0.407227 0.994158 0.399414 0.994158 0.331055 0.988293 0.327148 0.991226 0.311523 0.979495 0.295898 0.985360 0.274414 0.908408 0.232500 0.863363 0.195000 0.852102 0.190000 0.750751 0.200000 0.609880 0.017006 0.605586 0.017578 0.593856 0.007812 0.590923 0.019531 0.586524 0.000977 0.567462 0.000000 0.577726 0.006836 0.568928 0.006836 0.574794 0.014648 0.568928 0.016602 0.565996 0.026367 0.546934 0.023438 0.545467 0.028320 0.552799 0.033203 0.567462 0.029297 0.580659 0.036133 0.563063 0.043945 0.574794 0.051758 0.563063 0.059570 0.570395 0.060547 0.574794 0.067383 0.565996 0.071289 0.574794 0.077148 0.574794 0.084961 0.568928 0.086914 0.574794 0.092773 0.565996 0.096680 0.574794 0.098633 0.570395 0.101562 0.552799 0.085938 0.539602 0.084961 0.539602 0.043945 0.546934 0.044922 0.551333 0.036133 0.541068 0.039062 0.535203 0.033203 0.533737 0.053711 0.524939 0.063477 0.530804 0.067383 0.519074 0.071289 0.522006 0.077148 0.516141 0.081055 0.514675 0.093750 0.482416 0.093750 0.470686 0.099609 0.464820 0.095703 0.456022 0.101562 0.444292 0.101562 0.420831 0.123047 0.387106 0.127930 0.404702 0.135742 0.388572 0.140625 0.387106 0.145508 0.360712 0.159180 0.356313 0.171875 0.348982 0.168945 0.350448 0.164062 0.312324 0.164062 0.313790 0.170898 0.296195 0.174805 0.302060 0.186523 0.271267 0.195312 0.256604 0.187500 0.247806 0.187500 0.244874 0.179688 0.237542 0.180664 0.234610 0.170898 0.214081 0.161133 0.211149 0.149414 0.196486 0.137695 0.199418 0.135742 0.192087 0.134766 0.175957 0.120117 0.175957 0.104492 0.167159 0.100586 0.167159 0.077148 0.161294 0.067383 0.140766 0.055664 0.140766 0.047852 0.127569 0.044922 0.104108 0.046875 0.089445 0.064453 0.076248 0.063477 0.090911 0.067383 0.090911 0.075195 0.079181 0.086914 0.090911 0.102539 0.090911 0.147461 0.096776 0.153320 0.096776 0.168945 0.090911 0.174805 0.093844 0.186523 0.087979 0.190430 0.102642 0.200195 0.082113 0.206055 0.087979 0.208008 0.086512 0.212891 0.098243 0.208984 0.102642 0.217773 0.085046 0.221680 0.087979 0.225586 0.082113 0.227539 0.087979 0.233398 0.079181 0.243164 0.085046 0.247070 0.082113 0.254883 0.033725 0.259766 0.011730 0.276367 0.008798 0.288086 0.005865 0.450195 0.008798 0.493164 0.017596 0.497070 0.017596 0.504883 0.011730 0.504883 0.010264 0.496094 0.005865 0.624023 0.008798 0.647461 0.020528 0.653320 0.011730 0.655273 0.017596 0.708008 0.008798 0.715820 0.005865 0.762695 0.005865 0.999023 0.994158 0.999023 0.994158 0.954102 0.988293 0.948242 0.988293 0.872070 0.994158 0.846680 0.994158 0.491211 0.988293 0.487305
1 0.117305 0.477539 0.111440 0.446289 0.096776 0.418945 0.090911 0.348633 0.076248 0.299805 0.057186 0.283203 0.067450 0.319336 0.073316 0.366211 0.070383 0.407227 0.076248 0.413086 0.076248 0.434570 0.087979 0.440430 0.087979 0.469727 0.096776 0.479492 0.102642 0.516602 0.114372 0.536133 0.117305 0.573242 0.123170 0.579102 0.129035 0.575195 0.129035 0.563477 0.117305 0.514648 0.117305 0.477539
1 0.085046 0.499023 0.070383 0.471680 0.055720 0.407227 0.043989 0.385742 0.041057 0.350586 0.029326 0.329102 0.019062 0.328125 0.011730 0.346680 0.035191 0.432617 0.035191 0.450195 0.049855 0.471680 0.055720 0.518555 0.073316 0.551758 0.087979 0.557617 0.096776 0.551758 0.096776 0.538086 0.085046 0.522461 0.085046 0.499023
1 0.161294 0.393555 0.155429 0.387695 0.149564 0.346680 0.143698 0.333008 0.133434 0.326172 0.129035 0.331055 0.131968 0.350586 0.149564 0.448242 0.158361 0.465820 0.170092 0.555664 0.187688 0.625977 0.195019 0.632812 0.199418 0.631836 0.196486 0.575195 0.178890 0.491211 0.175957 0.450195 0.161294 0.393555
1 0.266868 0.422852 0.255138 0.416992 0.252205 0.389648 0.234610 0.336914 0.217014 0.241211 0.208216 0.221680 0.202351 0.155273 0.196486 0.153320 0.190620 0.131836 0.177424 0.125000 0.173025 0.127930 0.175957 0.145508 0.187688 0.176758 0.199418 0.254883 0.214081 0.303711 0.214081 0.327148 0.237542 0.391602 0.249273 0.485352 0.272734 0.561523 0.277133 0.566406 0.287397 0.565430 0.272734 0.481445 0.263936 0.463867 0.261003 0.430664 0.266868 0.422852
