0 1.000000 0.473159 0.960076 0.152276 0.911034 0.145507 0.902772 0.046164 0.881856 0.028071 0.757618 0.009873 0.711807 0.021401 0.560191 0.004597 0.204720 0.042340 0.000000 0.078402 0.000000 0.526196 0.057695 1.000000 0.526321 1.000000 1.000000 0.942312 1.000000 0.473159
1 0.090706 0.612240 0.198857 0.619623 0.359282 0.595990 0.342107 0.584324 0.090706 0.612240
1 0.000000 0.480858 0.201139 0.461919 0.255181 0.453316 0.257630 0.441209 0.000000 0.460461 0.000000 0.480858
1 0.912896 0.513256 0.887388 0.545905 0.915956 0.554204 0.932789 0.667253 0.949216 0.632767 0.941702 0.523494 0.958673 0.517474 0.941261 0.503870 0.932488 0.416396 0.991257 0.406229 0.988401 0.382966 0.928204 0.381502 0.921132 0.291852 0.959937 0.271345 0.896611 0.260426 0.868349 0.278655 0.897631 0.292770 0.896574 0.388337 0.724144 0.418364 0.909225 0.419253 0.912896 0.513256
1 0.441253 0.277965 0.424011 0.241711 0.407923 0.286977 0.379526 0.256028 0.368436 0.342004 0.392200 0.775937 0.098626 0.812967 0.077540 0.817524 0.074954 0.836535 0.392029 0.798587 0.389545 0.882523 0.418691 0.903542 0.426549 0.799268 0.455526 0.786855 0.478854 0.920752 0.500280 0.926977 0.514258 0.904598 0.500351 0.783319 0.701962 0.758564 0.710326 0.866750 0.733009 0.907256 0.756136 0.911304 0.748522 0.737105 0.704621 0.483731 0.686261 0.238043 0.668270 0.211719 0.652149 0.216650 0.645482 0.274535 0.664762 0.431559 0.655239 0.466181 0.694378 0.736866 0.498583 0.760907 0.441253 0.277965
1 0.000000 0.304690 0.826960 0.206009 0.955416 0.178430 0.960076 0.152276 0.000000 0.289777 0.000000 0.304690
1 1.000000 0.690692 0.736754 0.745437 1.000000 0.721075 1.000000 0.690692
1 0.817470 0.280967 0.848827 0.287939 0.848623 0.270254 0.817470 0.280967
1 0.462472 0.434751 0.617386 0.438360 0.644085 0.415404 0.462472 0.434751
1 0.711965 0.559573 0.721249 0.579095 0.921670 0.544647 0.711965 0.559573
1 0.710574 0.420030 0.991495 0.408167 0.988401 0.382966 0.710574 0.420030
1 0.498790 0.610345 0.616805 0.593887 0.635987 0.573821 0.620989 0.563856 0.484915 0.585483 0.509368 0.592320 0.498790 0.610345
