0 0.223727 0.000000 0.186831 0.044496 0.176944 0.140664 0.121742 0.115830 0.078876 0.122252 0.068009 0.165839 0.080807 0.179095 0.061866 0.190476 0.000000 0.438608 0.000000 0.443341 0.083150 0.512817 0.103071 0.554016 0.155682 0.601353 0.369891 0.751381 0.516825 0.888662 0.556150 0.900480 0.597873 0.959193 0.646684 0.989479 0.655818 1.000000 0.890643 1.000000 1.000000 0.561392 1.000000 0.110215 0.560418 0.000000 0.223727 0.000000
1 0.715522 0.854667 0.311747 0.568806 0.325267 0.599351 0.686623 0.849474 0.715522 0.854667
1 1.000000 0.285657 0.515900 0.173846 0.220994 0.133531 0.743806 0.260863 0.718092 0.424543 0.735616 0.418848 0.703653 0.438053 0.517922 0.375642 0.409880 0.316497 0.404678 0.329291 0.348764 0.303272 0.209715 0.275649 0.242887 0.295997 0.258333 0.375332 0.274667 0.362295 0.256168 0.323463 0.262072 0.295748 0.468177 0.365252 0.492590 0.392474 0.496644 0.436763 0.508228 0.402412 0.526935 0.396005 0.686612 0.457959 0.692552 0.486615 0.670801 0.549631 0.653776 0.593696 0.635541 0.598208 0.495755 0.529135 0.481996 0.495511 0.394821 0.473776 0.336058 0.434970 0.250773 0.405654 0.252658 0.390021 0.211214 0.398810 0.240835 0.421292 0.310004 0.434512 0.330388 0.457711 0.432261 0.501227 0.466866 0.540049 0.631289 0.615264 0.648121 0.640596 0.631111 0.708820 0.651454 0.667595 0.690047 0.646017 0.943804 0.786783 0.940232 0.756705 0.834568 0.712244 0.707093 0.634164 0.694528 0.615934 0.698755 0.558613 0.735890 0.478297 0.997197 0.572636 0.994103 0.548716 0.737292 0.448453 0.781469 0.267234 0.931406 0.283482 1.000000 0.301660 1.000000 0.285657
1 0.659837 0.815622 0.622647 0.807355 0.653451 0.829126 0.659837 0.815622
1 0.888441 1.000000 0.894414 0.964689 0.668134 0.826748 0.681649 0.849241 0.785905 0.915493 0.827623 0.966153 0.871206 0.968968 0.886857 1.000000 0.888441 1.000000
1 0.365084 0.266076 0.363844 0.178205 0.336200 0.285043 0.343790 0.303039 0.365084 0.266076
1 0.351894 0.383563 0.343567 0.324118 0.317340 0.425271 0.330611 0.436631 0.351894 0.383563
1 0.331196 0.611901 0.316970 0.588224 0.334468 0.542264 0.328970 0.463396 0.302713 0.516231 0.311467 0.501304 0.296637 0.645555 0.309923 0.681075 0.331196 0.611901
1 0.740213 0.198573 0.716537 0.212799 0.790914 0.221279 0.826397 0.151622 0.843636 0.070371 0.751487 0.048402 0.775179 0.058335 0.765834 0.085179 0.791305 0.090537 0.770474 0.109498 0.740213 0.198573
1 0.447201 0.000000 0.434339 0.040787 0.390990 0.032998 0.389821 0.057868 0.424878 0.062583 0.420844 0.050506 0.433160 0.049551 0.420880 0.106877 0.431803 0.151872 0.456912 0.156119 0.450033 0.139307 0.461886 0.156353 0.536263 0.164833 0.570593 0.144205 0.602012 0.014154 0.541406 0.000000 0.447201 0.000000
