1 0.361223 0.424750 0.361029 0.451430 0.372545 0.491272 0.381967 0.509197 0.393217 0.512058 0.391088 0.539010 0.410749 0.580668 0.428582 0.637391 0.439885 0.647648 0.445085 0.670609 0.463113 0.700651 0.472589 0.725972 0.474629 0.740493 0.503056 0.816456 0.501637 0.834425 0.515389 0.862106 0.507351 0.875082 0.507458 0.889874 0.516064 0.901991 0.537747 0.901905 0.542733 0.895281 0.573377 0.902820 0.570574 0.889888 0.554888 0.862478 0.532263 0.785699 0.518103 0.755113 0.508929 0.717904 0.486411 0.655917 0.471949 0.637219 0.471843 0.622427 0.440772 0.555719 0.433532 0.518238 0.419887 0.505348 0.420188 0.493460 0.402763 0.439642 0.395683 0.424349 0.378222 0.419399 0.380458 0.407239 0.359981 0.359772 0.353557 0.328099 0.333488 0.283537 0.310864 0.206758 0.299454 0.181708 0.297165 0.186472 0.293651 0.182524 0.279899 0.154842 0.268791 0.117904 0.261764 0.110008 0.241287 0.062541 0.231155 0.053600 0.218025 0.058407 0.214210 0.066347 0.217421 0.082183 0.239176 0.145758 0.249362 0.162095 0.280947 0.246499 0.297041 0.276813 0.314875 0.333536 0.330153 0.358042 0.344118 0.415308 0.361223 0.424750
1 0.805839 0.276381 0.800392 0.272705 0.729237 0.285666 0.702976 0.295280 0.704200 0.303992 0.797038 0.290944 0.805839 0.276381
1 0.569470 0.468038 0.617716 0.446450 0.660267 0.440470 0.674515 0.429583 0.732840 0.409540 0.771416 0.389311 0.843688 0.370270 0.847095 0.359426 0.838897 0.350213 0.804491 0.358010 0.765507 0.375335 0.714102 0.388482 0.638069 0.422859 0.505946 0.465120 0.474698 0.481357 0.445686 0.485434 0.431438 0.496321 0.387770 0.508381 0.358456 0.524347 0.328327 0.534504 0.300841 0.535405 0.297789 0.541757 0.279566 0.538395 0.237122 0.559168 0.225109 0.557895 0.151719 0.583016 0.146733 0.589640 0.063264 0.613216 0.018478 0.631356 0.014255 0.636392 0.018283 0.658037 0.052689 0.650240 0.057675 0.643616 0.119052 0.617222 0.198652 0.594189 0.353878 0.533874 0.462082 0.503860 0.478265 0.492701 0.569470 0.468038
1 0.698255 0.177486 0.684308 0.176484 0.656521 0.189274 0.655811 0.198258 0.627207 0.205239 0.646957 0.205425 0.660087 0.200618 0.662731 0.191362 0.675152 0.195540 0.680138 0.188916 0.711439 0.180075 0.703241 0.170862 0.698255 0.177486
1 0.761106 0.301917 0.798972 0.290673 0.807773 0.276109 0.778300 0.269886 0.753973 0.279228 0.714882 0.281761 0.684043 0.300902 0.626428 0.311961 0.563933 0.344435 0.543066 0.350330 0.510895 0.345966 0.482292 0.352948 0.478477 0.360888 0.485858 0.364292 0.496647 0.356853 0.513291 0.355995 0.479346 0.374092 0.413285 0.395222 0.384380 0.414092 0.357710 0.420801 0.356592 0.426881 0.410748 0.419270 0.528924 0.376009 0.583079 0.368398 0.600788 0.354063 0.676112 0.328670 0.686492 0.318326 0.720081 0.304721 0.761106 0.301917
1 0.667029 0.572784 0.709171 0.563900 0.840070 0.512928 0.874476 0.505131 0.877066 0.488479 0.858080 0.486705 0.620202 0.576404 0.585796 0.584201 0.554548 0.600438 0.495815 0.617577 0.447977 0.642069 0.368376 0.665102 0.260279 0.709908 0.231267 0.713985 0.186889 0.735030 0.183837 0.741381 0.164496 0.744100 0.163378 0.750180 0.154825 0.745459 0.146787 0.758434 0.175799 0.754357 0.178851 0.748005 0.223637 0.729865 0.295909 0.710824 0.429860 0.653499 0.490936 0.638993 0.633847 0.589293 0.667029 0.572784
1 0.041492 0.654775 0.066529 0.636449 0.112487 0.619625 0.107039 0.615948 0.018478 0.631356 0.014255 0.636392 0.018283 0.658037 0.041492 0.654775
1 0.222535 0.469413 0.164210 0.489456 0.136831 0.505150 0.003182 0.550586 0.004814 0.562202 0.192512 0.494363 0.221524 0.490285 0.297557 0.455908 0.322701 0.452374 0.374407 0.427339 0.380157 0.419127 0.238310 0.455350 0.222535 0.469413
1 0.000000 0.530397 0.001549 0.538969 0.019258 0.524635 0.098858 0.501602 0.116975 0.490172 0.177642 0.472761 0.197693 0.461059 0.220902 0.457797 0.276885 0.435122 0.286503 0.426367 0.270568 0.418241 0.249293 0.421231 0.159720 0.457511 0.010598 0.505122 0.000000 0.512430 0.000000 0.530397
1 0.218629 0.196029 0.218114 0.178333 0.108739 0.207031 0.026903 0.242224 0.026602 0.254112 0.037088 0.258561 0.052153 0.253482 0.057246 0.261651 0.069667 0.265828 0.083507 0.252037 0.157199 0.215027 0.212472 0.201336 0.218629 0.196029
1 0.221469 0.321491 0.212615 0.328658 0.097083 0.362664 0.077333 0.362478 0.040692 0.382435 0.027667 0.402034 0.075612 0.392334 0.129253 0.367027 0.186460 0.353064 0.212313 0.340546 0.224326 0.341819 0.249008 0.327986 0.240810 0.318773 0.221469 0.321491
0 0.511192 0.000000 0.480550 0.003743 0.438407 0.012627 0.435763 0.021883 0.428027 0.022970 0.427211 0.017162 0.435710 0.014487 0.308413 0.027935 0.285612 0.034101 0.281442 0.046533 0.278284 0.038092 0.226879 0.051240 0.217918 0.043615 0.171091 0.047234 0.000000 0.071280 0.000000 0.527947 0.066343 1.000000 0.492988 1.000000 0.577477 0.988126 0.580529 0.981774 0.585214 0.987039 0.606897 0.986953 0.629698 0.980787 0.632750 0.974435 0.639369 0.979428 0.644355 0.972804 0.659828 0.970629 0.668381 0.975350 0.736075 0.965836 0.739127 0.959485 0.755008 0.960214 0.768848 0.946423 0.790940 0.949241 0.821736 0.867205 0.852602 0.817379 0.855986 0.805532 0.831978 0.706559 0.993586 0.541591 0.992422 0.537418 1.000000 0.525185 1.000000 0.524394 0.988447 0.523170 1.000000 0.518657 1.000000 0.506632 0.999182 0.508335 0.997958 0.499622 0.991037 0.506518 0.988287 0.500981 0.978208 0.499436 0.978457 0.480152 0.973417 0.479380 0.969602 0.487319 0.975511 0.501296 0.970578 0.515316 0.960393 0.498979 0.954289 0.511682 0.944920 0.501153 0.944973 0.508549 0.938816 0.513857 0.933724 0.505688 0.929146 0.515216 0.921409 0.516303 0.918659 0.510767 0.913673 0.517391 0.908580 0.509222 0.907870 0.518206 0.904357 0.514258 0.917381 0.494659 0.916511 0.481454 0.957128 0.475746 0.957181 0.483142 0.966497 0.486275 0.962167 0.476519 0.967153 0.469895 0.946641 0.471297 0.935746 0.463944 0.932694 0.470296 0.927193 0.459223 0.921799 0.462943 0.917115 0.457678 0.904339 0.457993 0.899849 0.426048 0.892414 0.415247 0.895466 0.408895 0.888439 0.400999 0.886807 0.389382 0.862266 0.369140 0.852738 0.336422 0.847450 0.354934 0.840370 0.339641 0.835330 0.338869 0.818118 0.314635 0.804934 0.312046 0.806815 0.304378 0.811855 0.305150 0.806549 0.267397 0.799983 0.269800 0.793666 0.252920 0.782878 0.260359 0.769889 0.231089 0.775585 0.215481 0.774360 0.206769 0.781689 0.202778 0.779701 0.195653 0.788964 0.191390 0.795777 0.169703 0.806974 0.165168 0.816538 0.149016 0.818880 0.151649 0.818827 0.144252 0.831088 0.126241 0.846561 0.124067 0.849205 0.114811 0.872414 0.111549 0.881268 0.104382 0.890016 0.082422 0.897752 0.081335 0.898817 0.067859 0.893618 0.044898 0.874170 0.032824 0.873300 0.019620 0.871473 0.034684 0.863736 0.035771 0.850499 0.025786 0.836659 0.039577 0.792174 0.045828 0.787188 0.052452 0.771715 0.054627 0.765096 0.049634 0.753900 0.054169 0.749215 0.048905 0.741585 0.064784 0.732926 0.045271 0.731808 0.051351 0.726769 0.050578 0.732270 0.061651 0.724178 0.067230 0.717861 0.050350 0.714401 0.053797 0.711651 0.048261 0.706665 0.054885 0.695770 0.047531 0.692718 0.053883 0.684573 0.052066 0.673004 0.004829 0.668167 0.000000 0.511192 0.000000
1 0.639272 0.052510 0.653059 0.031323 0.618707 0.046516 0.573104 0.058848 0.532079 0.061652 0.527093 0.068276 0.505818 0.071266 0.501648 0.083698 0.472637 0.087775 0.464190 0.097846 0.428258 0.108819 0.410550 0.123154 0.374210 0.131223 0.369224 0.137846 0.373908 0.143111 0.385513 0.141480 0.432233 0.123068 0.468981 0.117903 0.499111 0.107746 0.524148 0.089420 0.592960 0.073826 0.639272 0.052510
1 0.572583 0.000000 0.502038 0.030337 0.484631 0.032783 0.465397 0.050294 0.419794 0.062626 0.389363 0.084671 0.385601 0.100007 0.392628 0.107904 0.406167 0.106001 0.420007 0.092210 0.443217 0.088948 0.468254 0.070622 0.530039 0.047132 0.549681 0.032526 0.584087 0.024729 0.603730 0.010122 0.603277 0.000000 0.572583 0.000000
1 0.621120 0.112809 0.615673 0.109133 0.596740 0.114755 0.502483 0.145771 0.486300 0.156929 0.398963 0.181050 0.331784 0.208260 0.326035 0.216471 0.327614 0.220691 0.383295 0.209904 0.464014 0.180792 0.504222 0.172179 0.558271 0.149776 0.563257 0.143152 0.603057 0.131636 0.615779 0.123925 0.621120 0.112809
1 0.716886 0.183751 0.735003 0.172321 0.799947 0.157271 0.801065 0.151191 0.821524 0.142393 0.826457 0.128373 0.822943 0.124425 0.805944 0.129775 0.776631 0.145740 0.700899 0.168230 0.654587 0.189546 0.631377 0.192808 0.570816 0.225010 0.479611 0.249674 0.407446 0.283508 0.403223 0.288543 0.405618 0.298572 0.486745 0.272363 0.502927 0.261204 0.535399 0.253679 0.543952 0.258400 0.548122 0.245968 0.574791 0.239259 0.624564 0.214495 0.716886 0.183751
