0 0.065357 0.000000 0.000000 0.465037 0.000000 0.868999 0.007522 0.867611 0.033375 0.880129 0.039586 0.878040 0.051137 0.887067 0.050268 0.900272 0.097804 0.912875 0.110722 0.947267 0.253847 0.967381 0.289477 0.966466 0.294463 0.973090 0.485940 1.000000 0.916595 1.000000 0.922413 0.988787 0.936821 0.977486 1.000000 0.527947 1.000000 0.260306 0.971464 0.253840 0.953756 0.239505 0.928612 0.235972 0.941086 0.224398 0.931061 0.218547 0.919811 0.221408 0.918179 0.233025 0.912323 0.239605 0.886771 0.238976 0.881785 0.232352 0.870181 0.230721 0.862905 0.219334 0.877669 0.212524 0.854104 0.204770 0.857511 0.215614 0.852472 0.216386 0.844079 0.198919 0.846120 0.184399 0.839714 0.159807 0.808485 0.087305 0.812407 0.080452 0.804670 0.079365 0.790120 0.056590 0.763149 0.037992 0.505928 0.000000 0.065357 0.000000
1 0.464419 0.816328 0.443250 0.798545 0.390727 0.779318 0.360296 0.757272 0.341718 0.756142 0.344716 0.769890 0.377490 0.789303 0.416882 0.803724 0.460444 0.830576 0.470522 0.829031 0.464419 0.816328
1 0.931109 0.856744 0.927294 0.848805 0.913453 0.835014 0.862971 0.801266 0.826845 0.763613 0.801400 0.748191 0.786281 0.750508 0.796608 0.768248 0.830908 0.790837 0.853194 0.814699 0.915583 0.861966 0.929121 0.863869 0.931109 0.856744
1 0.801963 1.000000 0.783813 0.985596 0.727830 0.962921 0.671546 0.928358 0.658362 0.930947 0.659834 0.941519 0.682228 0.950589 0.701462 0.968099 0.760033 1.000000 0.801963 1.000000
1 0.722210 0.399457 0.695346 0.366067 0.658811 0.331318 0.647721 0.311991 0.626960 0.291305 0.608843 0.279874 0.588491 0.256284 0.559124 0.247714 0.568227 0.274166 0.589804 0.289044 0.599368 0.305195 0.620536 0.322978 0.628166 0.338857 0.657781 0.366711 0.671320 0.368614 0.675898 0.378141 0.699001 0.396195 0.713551 0.418970 0.718590 0.418198 0.722920 0.408441 0.722210 0.399457
1 0.979623 0.679953 0.973874 0.671742 0.956165 0.657407 0.940089 0.631456 0.859389 0.546079 0.853285 0.533375 0.781741 0.467053 0.770651 0.447725 0.754469 0.436567 0.749891 0.427039 0.737878 0.428312 0.732129 0.420101 0.732785 0.436481 0.764636 0.476494 0.834246 0.542545 0.843402 0.561600 0.861518 0.573031 0.949139 0.665304 0.977636 0.687077 0.979623 0.679953
1 0.619984 0.614602 0.616169 0.606662 0.523048 0.525462 0.461777 0.484275 0.377511 0.410242 0.357052 0.401444 0.341685 0.384477 0.328555 0.379670 0.295072 0.351273 0.272679 0.342203 0.248866 0.315165 0.139864 0.234694 0.106789 0.203392 0.042822 0.160346 0.041544 0.176454 0.098538 0.220001 0.117364 0.240416 0.244483 0.332317 0.268296 0.359355 0.295675 0.375049 0.327224 0.403174 0.367734 0.423675 0.410781 0.468224 0.455869 0.498252 0.517032 0.554231 0.530163 0.559038 0.608326 0.620367 0.617996 0.621726 0.619984 0.614602
1 0.920872 0.719079 0.911769 0.692628 0.890494 0.689638 0.882704 0.695947 0.878729 0.710195 0.861517 0.734429 0.860594 0.755029 0.865580 0.761653 0.863948 0.773269 0.870406 0.790465 0.878143 0.791552 0.886341 0.782339 0.888790 0.764915 0.898105 0.761782 0.919594 0.735188 0.920872 0.719079
1 0.000000 0.710587 0.012155 0.708344 0.023919 0.687787 0.035436 0.647945 0.046384 0.633196 0.061147 0.626387 0.055043 0.613683 0.034176 0.607789 0.027043 0.630478 0.025215 0.615414 0.019005 0.617502 0.016201 0.630435 0.009991 0.632523 0.012634 0.641779 0.007187 0.645456 0.004135 0.639104 0.000000 0.646096 0.000000 0.710587
1 1.000000 0.265572 0.989936 0.269762 0.986671 0.292995 0.967525 0.316957 0.963035 0.348902 0.975651 0.371405 0.975899 0.390689 0.989030 0.395496 1.000000 0.418328 1.000000 0.387553 0.992650 0.376756 1.000000 0.374284 1.000000 0.265572
1 0.472102 0.824811 0.462893 0.813152 0.438264 0.791922 0.417805 0.783123 0.411293 0.773324 0.389201 0.776142 0.371901 0.758903 0.341363 0.751650 0.338506 0.771979 0.357439 0.777601 0.378200 0.798287 0.386344 0.796471 0.396724 0.806814 0.406395 0.808173 0.407460 0.821649 0.384800 0.849559 0.370800 0.857957 0.358219 0.884322 0.338469 0.884508 0.321719 0.898442 0.314479 0.935923 0.325622 0.947854 0.355450 0.946124 0.366204 0.904694 0.407033 0.880818 0.423589 0.840204 0.470114 0.831935 0.472102 0.824811
1 0.345426 0.000000 0.344404 0.007275 0.319562 0.015630 0.318337 0.024342 0.327795 0.055285 0.323412 0.072438 0.324831 0.090406 0.315763 0.112823 0.303644 0.128889 0.305880 0.141049 0.318141 0.159060 0.339416 0.162050 0.359733 0.136772 0.366051 0.119891 0.378880 0.112809 0.384026 0.097245 0.398736 0.097831 0.395489 0.064799 0.407608 0.048734 0.409649 0.034213 0.422478 0.027132 0.429558 0.011839 0.457044 0.012741 0.463662 0.007748 0.463466 0.000000 0.345426 0.000000
1 0.000000 0.868783 0.003246 0.869972 0.002021 0.878684 0.006706 0.873419 0.012100 0.877139 0.015862 0.892475 0.021363 0.881402 0.028691 0.885393 0.029401 0.894377 0.034440 0.893605 0.036427 0.886481 0.044874 0.896552 0.053018 0.894735 0.056833 0.902675 0.044057 0.902360 0.045530 0.912932 0.036977 0.917653 0.041555 0.927181 0.039568 0.934305 0.055857 0.930671 0.056975 0.936751 0.064871 0.915650 0.064161 0.906666 0.068030 0.907210 0.067976 0.914606 0.075713 0.915693 0.083964 0.899084 0.108291 0.908426 0.114040 0.916638 0.106197 0.930343 0.106854 0.946723 0.134339 0.947624 0.143815 0.922303 0.157354 0.924206 0.176997 0.938812 0.238072 0.953319 0.275122 0.970371 0.341290 0.976709 0.327450 0.962918 0.298846 0.955937 0.236759 0.920558 0.221286 0.918384 0.216708 0.908856 0.190749 0.911131 0.171869 0.898112 0.185568 0.877827 0.209345 0.855996 0.224890 0.794510 0.250335 0.809931 0.278938 0.816913 0.282452 0.812965 0.277980 0.788645 0.280021 0.774124 0.274325 0.758517 0.277998 0.732380 0.298617 0.718990 0.325340 0.718303 0.325039 0.706415 0.334106 0.683998 0.331977 0.657046 0.343333 0.639392 0.356517 0.636803 0.358558 0.622283 0.371494 0.600409 0.363048 0.590338 0.365497 0.572913 0.361273 0.567878 0.351195 0.569423 0.341009 0.585760 0.318918 0.588578 0.282205 0.632282 0.242280 0.691823 0.238198 0.720863 0.230763 0.731664 0.227498 0.754897 0.230852 0.773137 0.222654 0.782350 0.196694 0.784624 0.186509 0.800961 0.176785 0.806998 0.151730 0.844937 0.130898 0.887912 0.071455 0.861789 0.012313 0.847554 0.000000 0.847368 0.000000 0.868783
1 1.000000 0.514107 0.988124 0.521230 0.984557 0.532575 0.972846 0.545736 0.962962 0.573961 0.954001 0.581586 0.942591 0.606636 0.936629 0.628008 0.899384 0.584275 0.893582 0.583460 0.879795 0.562273 0.904335 0.542030 0.909233 0.507181 0.924813 0.494564 0.935814 0.472418 0.944775 0.464793 0.948750 0.450545 0.943409 0.439429 0.933029 0.429086 0.922950 0.430631 0.911186 0.451188 0.876815 0.492260 0.863223 0.497754 0.858023 0.520714 0.847483 0.532559 0.788715 0.466552 0.812439 0.452118 0.813663 0.443405 0.803035 0.413778 0.797641 0.410058 0.775744 0.439557 0.758337 0.437110 0.741090 0.412476 0.748117 0.404579 0.755357 0.367098 0.753068 0.362334 0.733815 0.401088 0.724144 0.399729 0.698043 0.367927 0.699267 0.359215 0.704715 0.355538 0.723701 0.353765 0.727676 0.339516 0.746822 0.315554 0.747745 0.294953 0.767139 0.290276 0.773865 0.270491 0.779614 0.278702 0.762703 0.314824 0.766110 0.325668 0.776242 0.316727 0.792354 0.230148 0.806709 0.226243 0.808804 0.204326 0.773989 0.199434 0.744818 0.217545 0.734632 0.233882 0.736761 0.260834 0.727446 0.263967 0.715734 0.277128 0.704538 0.272593 0.695985 0.277314 0.689721 0.286799 0.689207 0.304495 0.695311 0.317199 0.685533 0.330632 0.683847 0.349644 0.672651 0.345109 0.653824 0.324695 0.651181 0.315439 0.605383 0.276427 0.586965 0.253108 0.569203 0.246169 0.574402 0.223209 0.585297 0.215856 0.592785 0.197659 0.604443 0.191893 0.631131 0.142338 0.645894 0.135529 0.646817 0.114928 0.664739 0.099678 0.676877 0.027348 0.672654 0.022313 0.660641 0.023586 0.648167 0.035159 0.642258 0.049136 0.644493 0.061296 0.635834 0.080809 0.620716 0.083126 0.612110 0.095243 0.597133 0.131637 0.594276 0.151966 0.580631 0.164855 0.575432 0.187816 0.559036 0.206242 0.530307 0.270317 0.521293 0.285339 0.498740 0.298457 0.476435 0.330859 0.473579 0.351188 0.463801 0.364621 0.462169 0.376237 0.469036 0.390529 0.496113 0.394334 0.499627 0.390386 0.501259 0.378770 0.517655 0.360344 0.522854 0.337383 0.534157 0.327126 0.544751 0.307885 0.543740 0.287012 0.552860 0.257199 0.578607 0.284509 0.586344 0.285596 0.597434 0.304924 0.617076 0.319530 0.654676 0.367755 0.644082 0.386996 0.638067 0.415765 0.627473 0.435007 0.600892 0.469770 0.594167 0.489555 0.562901 0.529582 0.553071 0.550411 0.541874 0.545876 0.519588 0.522014 0.504523 0.516935 0.483762 0.496249 0.465238 0.487723 0.386365 0.417409 0.358986 0.401715 0.350948 0.388740 0.291612 0.347825 0.274613 0.342474 0.244998 0.314621 0.231974 0.295022 0.225763 0.297110 0.205712 0.285408 0.176098 0.257555 0.131010 0.227526 0.107197 0.200488 0.097527 0.199129 0.043230 0.157442 0.043478 0.176726 0.117364 0.240416 0.150138 0.259829 0.193593 0.301474 0.206724 0.306280 0.238273 0.334406 0.251403 0.339213 0.265953 0.361988 0.292215 0.371601 0.337604 0.413518 0.369260 0.426851 0.405795 0.461600 0.415359 0.477751 0.480497 0.519482 0.513164 0.553687 0.531689 0.562214 0.539727 0.575189 0.589091 0.602857 0.596721 0.618736 0.621456 0.625174 0.623444 0.618050 0.620037 0.607206 0.577292 0.574545 0.570017 0.563158 0.585596 0.550540 0.597112 0.510699 0.609942 0.503617 0.611982 0.489097 0.627562 0.476479 0.637854 0.445350 0.649565 0.432189 0.655172 0.406324 0.671107 0.398198 0.677016 0.384221 0.684752 0.385309 0.713143 0.421874 0.727391 0.432761 0.738836 0.456581 0.737611 0.465293 0.722742 0.486895 0.717844 0.521743 0.707659 0.538081 0.714934 0.549468 0.730052 0.547151 0.736014 0.525778 0.748790 0.526093 0.751540 0.520556 0.749305 0.508396 0.771148 0.486294 0.778884 0.487381 0.806973 0.512059 0.836535 0.547309 0.819216 0.586335 0.806032 0.588924 0.801702 0.598681 0.794764 0.648050 0.797053 0.652814 0.822605 0.653444 0.831264 0.633930 0.851013 0.633745 0.860436 0.615819 0.860241 0.589139 0.870373 0.580198 0.883397 0.599797 0.977227 0.689982 0.979268 0.675461 0.969704 0.659310 0.960034 0.657951 0.948181 0.637036 0.969917 0.629725 0.975418 0.618653 0.983155 0.619740 0.989418 0.610255 1.000000 0.529120 1.000000 0.514107
1 0.799033 1.000000 0.783813 0.985596 0.773734 0.987141 0.769511 0.982105 0.774302 0.962049 0.785605 0.951791 0.789988 0.934639 0.788977 0.913766 0.794478 0.902694 0.826861 0.868746 0.833942 0.853453 0.851047 0.844012 0.867443 0.825586 0.908254 0.857974 0.929530 0.860965 0.928820 0.851980 0.915388 0.835285 0.879154 0.812425 0.864196 0.792554 0.851065 0.787747 0.827661 0.757805 0.799874 0.745015 0.796059 0.737075 0.798454 0.727047 0.781863 0.718792 0.748079 0.678507 0.745435 0.669251 0.735764 0.667892 0.729660 0.655188 0.723450 0.657277 0.703807 0.642671 0.688334 0.640496 0.679675 0.660009 0.666491 0.662598 0.661593 0.697447 0.657317 0.699808 0.671211 0.706203 0.673801 0.722855 0.670288 0.726803 0.639750 0.719550 0.629263 0.723999 0.626726 0.699951 0.605451 0.696961 0.601121 0.706717 0.606107 0.713341 0.591344 0.720150 0.580236 0.757088 0.563130 0.766530 0.564248 0.772610 0.555997 0.789219 0.540097 0.846213 0.535413 0.851477 0.542741 0.855469 0.541517 0.864181 0.534490 0.872078 0.536779 0.876842 0.564105 0.899931 0.565932 0.914995 0.558497 0.925796 0.564655 0.931104 0.596417 0.929645 0.599575 0.921204 0.605786 0.919116 0.611890 0.931819 0.622377 0.927370 0.627363 0.933994 0.656374 0.938071 0.716527 0.973178 0.719526 0.986926 0.706523 1.000000 0.741438 1.000000 0.741511 0.998900 0.747366 0.992319 0.761810 1.000000 0.799033 1.000000
