0 1.000000 0.065357 0.566694 0.004459 0.561658 0.008683 0.563475 0.016827 0.541287 0.016667 0.535164 0.028627 0.515880 0.028875 0.510029 0.038900 0.485709 0.043372 0.484349 0.053042 0.465065 0.053291 0.458942 0.065250 0.439386 0.067433 0.433535 0.077458 0.413707 0.081575 0.408128 0.089666 0.290891 0.144193 0.274468 0.155691 0.272522 0.180071 0.257730 0.179965 0.247387 0.190345 0.214083 0.195526 0.197932 0.205090 0.180235 0.204575 0.181008 0.209615 0.154556 0.218717 0.149292 0.214033 0.131595 0.213518 0.129235 0.209242 0.111539 0.208727 0.083456 0.229434 0.040081 0.243061 0.033285 0.291414 0.051711 0.307810 0.025217 0.327754 0.000000 0.507180 0.000000 0.522649 0.014100 0.533286 0.013012 0.541022 0.023270 0.552325 0.035115 0.562865 0.103182 0.584266 0.142394 0.621334 0.227070 0.650985 0.295409 0.670451 0.308112 0.664347 0.325809 0.664862 0.332432 0.659876 0.344320 0.659574 0.354306 0.672811 0.360658 0.669759 0.377538 0.676076 0.395235 0.676591 0.400499 0.681276 0.435076 0.688108 0.442973 0.695134 0.465662 0.702268 0.539308 0.715576 0.570524 0.704185 0.677503 0.638355 0.737573 0.611295 0.763796 0.593285 0.811435 0.570396 0.819417 0.555739 0.804940 0.542857 0.779075 0.537249 0.743225 0.518404 0.711552 0.511981 0.690494 0.493243 0.637491 0.470015 0.634902 0.456831 0.626461 0.453673 0.629909 0.450212 0.623328 0.444357 0.614072 0.447001 0.596920 0.442618 0.591841 0.457682 0.574960 0.451365 0.565704 0.454009 0.546778 0.430640 0.571098 0.426169 0.582800 0.406118 0.635603 0.346480 0.738048 0.291846 0.749163 0.286505 0.772668 0.287836 0.801251 0.274103 0.825571 0.269631 0.967943 0.204831 1.000000 0.192869 1.000000 0.065357
1 0.096174 0.286447 0.165543 0.245902 0.248345 0.215134 0.265312 0.199767 0.269032 0.194373 0.265083 0.190860 0.238947 0.187187 0.214083 0.195526 0.149521 0.222940 0.142353 0.231795 0.069308 0.266892 0.055788 0.278798 0.024573 0.290190 0.020496 0.319202 0.026304 0.320018 0.096174 0.286447
1 0.589941 0.070841 0.573603 0.060655 0.560399 0.059786 0.585634 0.090945 0.664373 0.152305 0.702856 0.173492 0.747876 0.211376 0.786130 0.223656 0.795386 0.221012 0.796201 0.215209 0.769564 0.204563 0.725087 0.162810 0.681884 0.133071 0.663916 0.134490 0.647307 0.126239 0.589941 0.070841
1 1.000000 0.065357 0.755459 0.030989 0.708593 0.058918 0.690081 0.064205 0.682914 0.073060 0.690539 0.082020 0.674760 0.131083 0.714787 0.162349 0.726317 0.185665 0.743699 0.198955 0.755587 0.198654 0.747919 0.200535 0.760580 0.205272 0.765572 0.211891 0.795929 0.217144 0.819248 0.198725 0.900777 0.155945 1.000000 0.122219 1.000000 0.065357
1 0.384048 0.566541 0.494589 0.601800 0.503573 0.601090 0.528351 0.614434 0.550267 0.616528 0.579079 0.611702 0.584659 0.603611 0.521084 0.581856 0.448482 0.571652 0.425793 0.564519 0.403919 0.551583 0.321017 0.540918 0.384048 0.566541
1 0.204840 0.461476 0.201979 0.450227 0.196170 0.449410 0.189275 0.456330 0.157330 0.451841 0.129377 0.440023 0.117217 0.442259 0.109048 0.437166 0.077103 0.432676 0.067847 0.435320 0.057046 0.427885 0.047791 0.430529 0.030638 0.426146 0.025602 0.430369 0.076202 0.460162 0.257170 0.521097 0.266927 0.525427 0.262163 0.527716 0.275367 0.528586 0.273278 0.522375 0.258257 0.513361 0.240833 0.510912 0.213151 0.497160 0.204167 0.497870 0.189418 0.486921 0.194768 0.469923 0.204840 0.461476
1 0.182938 0.322308 0.190049 0.261180 0.181565 0.268863 0.174770 0.317216 0.181579 0.331979 0.191107 0.327401 0.182938 0.322308
1 0.305139 0.348358 0.289531 0.354054 0.280819 0.352829 0.280318 0.345856 0.270561 0.341526 0.243881 0.341721 0.235712 0.336628 0.226185 0.341206 0.200592 0.333665 0.192924 0.335546 0.201865 0.345678 0.316855 0.391423 0.351432 0.398255 0.396266 0.416390 0.415279 0.418076 0.417181 0.404537 0.410601 0.398681 0.381832 0.392666 0.363406 0.376270 0.334093 0.374123 0.323293 0.366688 0.320117 0.368214 0.305139 0.348358
1 0.068692 0.355560 0.086746 0.332457 0.083885 0.321207 0.067233 0.323798 0.068234 0.337745 0.057934 0.337283 0.052898 0.341506 0.051811 0.349243 0.068692 0.355560
1 0.289459 0.438853 0.284738 0.430301 0.257285 0.425456 0.263594 0.433246 0.299988 0.448222 0.300760 0.453262 0.321318 0.465026 0.331575 0.476329 0.344779 0.477199 0.355351 0.475726 0.389928 0.482558 0.391788 0.479861 0.365694 0.465346 0.331933 0.452712 0.314508 0.450263 0.303979 0.440894 0.289459 0.438853
1 0.053800 0.314021 0.059379 0.305929 0.088191 0.301103 0.102797 0.281460 0.137732 0.264675 0.148076 0.254294 0.216086 0.223420 0.245441 0.214726 0.261864 0.203228 0.264811 0.192794 0.229419 0.191765 0.174112 0.216535 0.168805 0.222692 0.156917 0.222994 0.148161 0.232611 0.024573 0.290190 0.020224 0.321136 0.031840 0.322768 0.053800 0.314021
