1 0.827882 0.727125 0.818877 0.715306 0.796646 0.705847 0.781025 0.679619 0.763570 0.664978 0.746667 0.659332 0.733987 0.639508 0.720942 0.634473 0.700545 0.613427 0.678314 0.603968 0.673903 0.594362 0.657918 0.582922 0.647813 0.584291 0.637062 0.564773 0.605186 0.553786 0.603163 0.541589 0.594435 0.534269 0.577073 0.531519 0.569627 0.503617 0.556030 0.489586 0.546384 0.488059 0.538574 0.474945 0.519742 0.468993 0.516801 0.462589 0.511014 0.461672 0.508168 0.467160 0.507615 0.458165 0.486301 0.442912 0.465081 0.439552 0.461499 0.443438 0.464258 0.457236 0.486489 0.466696 0.535092 0.521900 0.553924 0.527852 0.568533 0.547981 0.585436 0.553627 0.607762 0.574979 0.626135 0.583827 0.638815 0.603650 0.662975 0.613415 0.690171 0.641476 0.709003 0.647428 0.722141 0.664355 0.765228 0.691963 0.787095 0.716211 0.825770 0.734213 0.827882 0.727125
1 0.648908 1.000000 0.617204 0.977313 0.615181 0.965116 0.585786 0.963429 0.577059 0.956109 0.548122 0.951525 0.525797 0.930174 0.498331 0.928793 0.468842 0.915215 0.435860 0.886238 0.403524 0.878147 0.378811 0.859387 0.326173 0.842143 0.312946 0.844502 0.316163 0.855403 0.379552 0.892166 0.393149 0.906196 0.458832 0.928476 0.470959 0.939304 0.513493 0.957917 0.525161 0.971642 0.581199 0.992394 0.591394 1.000000 0.648908 1.000000
1 0.449002 0.416221 0.422265 0.385263 0.396176 0.375193 0.365581 0.343625 0.298240 0.294359 0.264246 0.259284 0.233745 0.239607 0.224006 0.226188 0.209032 0.220847 0.194423 0.200718 0.154924 0.200400 0.131134 0.207024 0.132881 0.214724 0.139127 0.212744 0.162828 0.225406 0.167239 0.235012 0.192411 0.250875 0.236603 0.296474 0.295123 0.326527 0.304862 0.339946 0.317907 0.344981 0.335915 0.368618 0.356218 0.377772 0.365957 0.391191 0.400316 0.411479 0.412996 0.431302 0.436145 0.434968 0.446249 0.433600 0.449096 0.428112 0.449002 0.416221
1 0.789428 0.919969 0.783823 0.911658 0.753876 0.900977 0.720434 0.874896 0.685158 0.860401 0.661362 0.835848 0.626545 0.818457 0.604220 0.797106 0.569955 0.788710 0.542301 0.763545 0.510424 0.752558 0.503073 0.736548 0.483782 0.733493 0.471655 0.722664 0.452823 0.716712 0.443542 0.700397 0.407807 0.688798 0.385481 0.667447 0.362791 0.660884 0.337525 0.633129 0.309048 0.625650 0.292968 0.602319 0.281853 0.597589 0.258057 0.573036 0.244553 0.570897 0.231415 0.553970 0.196597 0.536579 0.181988 0.516450 0.161227 0.510193 0.114282 0.481973 0.109965 0.484259 0.107025 0.477855 0.080476 0.470681 0.062468 0.447044 0.050893 0.445211 0.024251 0.426145 0.016170 0.439711 0.010841 0.435898 0.007260 0.439785 0.015805 0.454499 0.020581 0.449317 0.022604 0.461514 0.048329 0.486373 0.091321 0.502090 0.169872 0.567976 0.215805 0.590097 0.278371 0.644544 0.352416 0.688933 0.394127 0.725231 0.416817 0.731794 0.437213 0.752839 0.458986 0.765195 0.491321 0.773286 0.530091 0.803180 0.616170 0.846505 0.622510 0.856417 0.641801 0.859472 0.699955 0.904313 0.729444 0.917891 0.735326 0.930700 0.774460 0.945805 0.785482 0.938644 0.789428 0.919969
1 0.805120 0.833379 0.798045 0.821866 0.692946 0.748806 0.683206 0.735387 0.651236 0.712508 0.629828 0.685364 0.603738 0.675293 0.592528 0.658672 0.573238 0.655617 0.544113 0.627250 0.517565 0.620076 0.494687 0.589730 0.473926 0.583473 0.442872 0.554801 0.424040 0.548849 0.362486 0.500501 0.334927 0.487228 0.273831 0.435983 0.261151 0.416160 0.233498 0.390996 0.202538 0.374215 0.188388 0.351190 0.148701 0.327089 0.141261 0.330364 0.134374 0.342635 0.126657 0.341413 0.093675 0.312436 0.057481 0.303734 0.051970 0.307315 0.054729 0.321113 0.060057 0.324926 0.086605 0.332100 0.110401 0.356653 0.134103 0.369315 0.143842 0.382734 0.175813 0.405613 0.221746 0.427734 0.228639 0.446640 0.248942 0.455794 0.253352 0.465401 0.302320 0.505817 0.400162 0.574759 0.412842 0.594582 0.442790 0.605264 0.463186 0.626309 0.531903 0.666885 0.551841 0.690827 0.572143 0.699981 0.587211 0.717213 0.620558 0.731403 0.635168 0.751531 0.667044 0.762519 0.685512 0.783259 0.704344 0.789210 0.731998 0.814375 0.748901 0.820021 0.763510 0.840150 0.805032 0.852665 0.805120 0.833379
1 0.460288 0.351202 0.456612 0.343197 0.448896 0.341974 0.443479 0.357447 0.450555 0.368960 0.456801 0.366980 0.460288 0.351202
1 0.712926 0.504044 0.709251 0.496039 0.696206 0.491004 0.656883 0.452115 0.649902 0.452494 0.652202 0.469189 0.665340 0.486115 0.689042 0.498777 0.700711 0.512502 0.710356 0.514029 0.712926 0.504044
1 0.809072 0.845882 0.803373 0.825679 0.789317 0.814546 0.755511 0.803253 0.749171 0.793341 0.707467 0.788220 0.745960 0.813617 0.761581 0.839844 0.771226 0.841372 0.781424 0.851895 0.806961 0.852970 0.809072 0.845882
1 0.864976 0.636502 0.830429 0.592431 0.805351 0.588459 0.764100 0.549264 0.747932 0.545219 0.751149 0.556120 0.758865 0.557343 0.767228 0.579451 0.784131 0.585098 0.791942 0.598211 0.820972 0.614686 0.844309 0.642136 0.860294 0.653575 0.866540 0.651595 0.864976 0.636502
1 0.806556 0.649518 0.801869 0.635414 0.787354 0.627177 0.770816 0.606742 0.753913 0.601096 0.751431 0.591795 0.739304 0.580967 0.710826 0.573487 0.698146 0.553664 0.663693 0.521485 0.653589 0.522853 0.649549 0.529636 0.649366 0.537030 0.666269 0.542677 0.665722 0.564859 0.669857 0.569968 0.691535 0.570432 0.697417 0.583240 0.714872 0.597882 0.733704 0.603833 0.739586 0.616642 0.763287 0.629303 0.771098 0.642417 0.787083 0.653856 0.804445 0.656606 0.806556 0.649518
1 0.851583 0.739786 0.843038 0.725071 0.833392 0.723544 0.819795 0.709513 0.802433 0.706763 0.762558 0.658879 0.665634 0.584145 0.662599 0.565849 0.638992 0.565079 0.617125 0.540831 0.607021 0.542200 0.587636 0.527253 0.580196 0.530529 0.580108 0.549814 0.617407 0.576506 0.633945 0.596941 0.685760 0.631870 0.695499 0.645289 0.710473 0.650630 0.739597 0.678996 0.765228 0.691963 0.805009 0.727956 0.819983 0.733296 0.831651 0.747021 0.849013 0.749771 0.851583 0.739786
1 0.635569 0.436862 0.600199 0.410476 0.532670 0.337428 0.488572 0.303721 0.458248 0.245473 0.430135 0.223205 0.397518 0.179440 0.371887 0.166473 0.336975 0.137190 0.325401 0.135357 0.306204 0.144193 0.304093 0.151281 0.314473 0.154410 0.322836 0.176519 0.338181 0.198249 0.340204 0.210446 0.335705 0.220126 0.318802 0.214479 0.307133 0.200754 0.295559 0.198921 0.293077 0.189621 0.283155 0.183595 0.280855 0.166901 0.258171 0.191515 0.291889 0.222093 0.307968 0.245424 0.324412 0.253967 0.350137 0.278826 0.362817 0.298649 0.383119 0.307803 0.391389 0.318020 0.399105 0.319242 0.412238 0.304992 0.407092 0.293785 0.377968 0.265419 0.366481 0.244300 0.368593 0.237211 0.379709 0.241941 0.392847 0.258868 0.407821 0.264209 0.423901 0.287540 0.449990 0.297610 0.457895 0.322615 0.473421 0.336951 0.482055 0.332380 0.490877 0.351593 0.557207 0.394759 0.587342 0.429224 0.600846 0.431363 0.628959 0.453630 0.629511 0.462626 0.636122 0.445858 0.635569 0.436862
0 0.833972 1.000000 0.834361 0.998346 0.831327 0.980050 0.853806 0.838121 0.863169 0.803974 0.864357 0.771501 0.845608 0.715086 0.847808 0.688712 0.854419 0.671944 0.863970 0.661580 0.864335 0.646792 0.849908 0.619269 0.844121 0.618353 0.836310 0.605239 0.792306 0.583423 0.760241 0.548653 0.743797 0.540110 0.722389 0.512966 0.708886 0.510827 0.708333 0.501832 0.700064 0.491615 0.669657 0.483830 0.669563 0.471938 0.640992 0.452567 0.632629 0.430458 0.603599 0.413984 0.573463 0.379519 0.553619 0.367468 0.537540 0.344138 0.526424 0.339408 0.517602 0.320195 0.503087 0.311958 0.494912 0.313633 0.472675 0.272996 0.466976 0.252794 0.433535 0.226713 0.397518 0.179440 0.375286 0.169980 0.354890 0.148935 0.320625 0.140539 0.308133 0.144498 0.300970 0.152271 0.288937 0.153335 0.263223 0.190831 0.245403 0.190977 0.217572 0.204384 0.187166 0.196599 0.172286 0.203150 0.148678 0.202380 0.139585 0.209848 0.111567 0.199471 0.041479 0.198763 0.000000 0.460649 0.000000 0.813633 0.006687 0.824202 0.044539 0.859889 0.073110 0.879260 0.084685 0.881093 0.092954 0.891311 0.158542 0.901699 0.192619 0.886312 0.208052 0.888756 0.218985 0.900880 0.219632 0.921767 0.224778 0.932974 0.247468 0.939537 0.269335 0.963784 0.497992 1.000000 0.833972 1.000000
0 0.072960 0.000000 0.000000 0.460649 0.000000 0.823581 0.009904 0.835104 0.000000 0.832502 0.000000 0.840958 0.007792 0.842192 0.014497 0.837316 0.027359 0.849745 0.024789 0.859730 0.017255 0.851114 0.019737 0.860415 0.015697 0.867198 0.041969 0.869874 0.028371 0.855844 0.031494 0.854854 0.093965 0.897409 0.165800 0.905817 0.175904 0.904449 0.185456 0.894085 0.195377 0.900110 0.191337 0.906893 0.199053 0.908115 0.199694 0.897824 0.206675 0.897446 0.210810 0.902554 0.206493 0.904840 0.208699 0.909643 0.215680 0.909264 0.214303 0.917953 0.221931 0.938461 0.236170 0.942201 0.225331 0.941969 0.224413 0.947762 0.234059 0.949289 0.238834 0.944108 0.265018 0.966070 0.479246 1.000000 0.927040 1.000000 0.928698 0.989534 0.900221 0.982054 0.905455 0.973976 0.900127 0.970163 0.906090 0.932508 0.913713 0.921839 0.912148 0.906745 0.919771 0.896076 0.923900 0.870007 0.935562 0.852554 0.942085 0.855072 0.942267 0.847678 0.935745 0.845160 0.938039 0.830678 0.948325 0.821915 0.954847 0.824433 1.000000 0.539351 1.000000 0.525053 0.953503 0.502064 0.950562 0.495660 0.925943 0.488791 0.838299 0.430372 0.828654 0.428845 0.825625 0.441726 0.820114 0.445307 0.788331 0.446212 0.784291 0.452995 0.787231 0.459399 0.765006 0.481117 0.745715 0.478061 0.733588 0.467233 0.709521 0.469360 0.700793 0.462039 0.638769 0.354232 0.614515 0.332576 0.598435 0.309245 0.590719 0.308023 0.576657 0.265712 0.581703 0.233850 0.601994 0.180649 0.624756 0.074395 0.639906 0.041164 0.639995 0.021879 0.504146 0.000000 0.072960 0.000000
