0 0.477309 0.000000 0.028660 0.054118 0.023790 0.062587 0.000000 0.080713 0.000000 0.496913 0.012762 0.586391 0.031416 0.593939 0.035517 0.603274 0.063618 0.615566 0.160700 0.684326 0.217562 0.738346 0.233252 0.769872 0.262543 0.791856 0.280191 0.815271 0.309720 0.839194 0.347506 0.858168 0.384522 0.894947 0.424981 0.911625 0.458135 0.941006 0.480414 0.954013 0.495866 0.983601 0.518440 1.000000 0.530581 1.000000 1.000000 0.942363 1.000000 0.512603 0.986785 0.409729 0.975765 0.404195 0.958062 0.404401 0.905155 0.370558 0.841520 0.309498 0.812705 0.291391 0.791670 0.264457 0.738140 0.237577 0.715677 0.199011 0.686862 0.180903 0.610155 0.109642 0.584727 0.095054 0.485197 0.000000 0.477309 0.000000
1 0.456741 0.809336 0.458407 0.822905 0.467377 0.823772 0.472814 0.831959 0.486270 0.833259 0.498243 0.846547 0.509886 0.845118 0.504211 0.834992 0.492330 0.834483 0.478068 0.814588 0.465235 0.806325 0.456741 0.809336
1 0.376070 0.248581 0.376546 0.252458 0.414185 0.282273 0.419293 0.275742 0.432034 0.271226 0.416528 0.265259 0.392583 0.238682 0.376070 0.248581
1 0.585878 0.910563 0.573613 0.918956 0.585494 0.919465 0.590931 0.927653 0.593128 0.921480 0.600762 0.923494 0.599041 0.933544 0.624470 0.948132 0.625898 0.959764 0.634868 0.960630 0.638969 0.969965 0.659436 0.980243 0.671079 0.978813 0.674612 0.971492 0.648946 0.954966 0.651381 0.950731 0.606345 0.920841 0.608780 0.916606 0.598473 0.916888 0.593274 0.910639 0.585878 0.910563
1 0.694471 0.772275 0.713364 0.781762 0.727387 0.799718 0.766839 0.832262 0.767553 0.838078 0.842593 0.895769 0.856378 0.911786 0.880232 0.925584 0.880617 0.916681 0.871170 0.911938 0.853522 0.888523 0.818171 0.865315 0.776578 0.815324 0.754298 0.802317 0.749483 0.787166 0.737602 0.786657 0.722480 0.771787 0.712412 0.774008 0.695954 0.760286 0.694471 0.772275
1 0.473152 0.317340 0.468521 0.327748 0.483972 0.357335 0.514215 0.387074 0.538069 0.400872 0.555534 0.398727 0.562308 0.405767 0.571424 0.395792 0.569996 0.384161 0.527872 0.353913 0.513848 0.335957 0.487944 0.317492 0.486992 0.309737 0.473152 0.317340
1 0.579534 0.401684 0.566793 0.406200 0.563351 0.426300 0.575947 0.432625 0.593595 0.456039 0.612963 0.469404 0.648736 0.520109 0.747246 0.600500 0.794899 0.651715 0.824428 0.675638 0.848850 0.706092 0.884677 0.733178 0.889730 0.750268 0.901849 0.752715 0.927754 0.771180 0.941777 0.789136 0.952322 0.790793 0.936486 0.770108 0.923891 0.763783 0.894654 0.718178 0.858827 0.691093 0.837078 0.658343 0.814084 0.639521 0.803210 0.623146 0.777544 0.606619 0.737140 0.566321 0.726979 0.555762 0.728938 0.547650 0.697212 0.529900 0.679564 0.506485 0.666731 0.498222 0.652232 0.476389 0.650565 0.462819 0.633631 0.445220 0.594894 0.418492 0.593466 0.406860 0.583067 0.394363 0.579534 0.401684
1 0.000000 0.412934 0.019679 0.426150 0.020631 0.433904 0.030077 0.438648 0.085456 0.504656 0.167508 0.571326 0.212013 0.620959 0.254137 0.651207 0.271309 0.670745 0.300124 0.688852 0.314148 0.706808 0.362332 0.738280 0.528816 0.891004 0.571178 0.923191 0.593220 0.934259 0.642832 0.977362 0.657001 0.984478 0.674466 0.982333 0.675326 0.977308 0.662731 0.970983 0.648470 0.951089 0.632726 0.943183 0.599096 0.909924 0.580203 0.900437 0.481931 0.821985 0.405939 0.756539 0.384904 0.729605 0.355374 0.705682 0.339868 0.699715 0.321982 0.674362 0.260251 0.628811 0.213788 0.587289 0.199527 0.567394 0.134409 0.518324 0.096202 0.471852 0.091625 0.458640 0.072494 0.447214 0.083661 0.441908 0.071780 0.441399 0.067441 0.430125 0.049262 0.426453 0.041774 0.413598 0.000000 0.388649 0.000000 0.412934
1 0.000000 0.411159 0.039670 0.432551 0.092009 0.449738 0.163771 0.456669 0.305154 0.453084 0.326866 0.449434 0.321666 0.443185 0.297666 0.440228 0.256202 0.439416 0.177135 0.445189 0.090343 0.436168 0.035715 0.412374 0.000000 0.388141 0.000000 0.411159
1 0.558445 0.398370 0.520074 0.422759 0.454738 0.468169 0.440276 0.482736 0.456643 0.483678 0.470482 0.476075 0.554765 0.416532 0.572138 0.401608 0.568513 0.396150 0.558445 0.398370
1 0.476800 0.575657 0.430650 0.608873 0.392371 0.646041 0.397094 0.648413 0.411172 0.642749 0.479180 0.595043 0.499318 0.590602 0.503949 0.580195 0.549477 0.553943 0.533972 0.547975 0.476800 0.575657
1 0.597352 0.667116 0.576446 0.689361 0.557499 0.703494 0.534927 0.712169 0.519366 0.729822 0.471788 0.751406 0.461573 0.764467 0.441197 0.766969 0.437188 0.770413 0.443724 0.775514 0.441527 0.781687 0.458132 0.784567 0.474882 0.776607 0.525902 0.734923 0.539980 0.729258 0.542176 0.723085 0.572767 0.707523 0.580547 0.698696 0.592666 0.701144 0.605316 0.683848 0.612949 0.685862 0.610753 0.692036 0.615238 0.692469 0.622688 0.668924 0.629846 0.667062 0.636620 0.674101 0.647219 0.652138 0.653041 0.651423 0.658478 0.659611 0.660821 0.642597 0.672848 0.632265 0.680482 0.634279 0.679292 0.624586 0.673232 0.623363 0.597352 0.667116
1 0.450720 0.002296 0.372497 0.063063 0.329879 0.088958 0.335537 0.159104 0.349890 0.191778 0.391355 0.192590 0.402760 0.189222 0.452060 0.157587 0.471959 0.151208 0.525981 0.121945 0.519446 0.116844 0.529661 0.103784 0.513056 0.100903 0.490246 0.107639 0.478933 0.123787 0.455977 0.141364 0.443382 0.135039 0.426155 0.139122 0.422530 0.133664 0.384452 0.136371 0.373194 0.128899 0.370575 0.107574 0.361605 0.106708 0.360653 0.098954 0.368909 0.094004 0.365284 0.088546 0.415444 0.051886 0.435819 0.049385 0.426757 0.035739 0.444130 0.020815 0.453338 0.023620 0.447901 0.015433 0.472670 0.000585 0.450720 0.002296
1 0.000000 0.200176 0.031006 0.193544 0.031628 0.186580 0.041221 0.180483 0.073001 0.174613 0.077156 0.160328 0.097294 0.155888 0.118675 0.137520 0.139527 0.138895 0.144158 0.128488 0.151554 0.128563 0.145019 0.123463 0.151938 0.119661 0.158950 0.128639 0.176415 0.126495 0.187673 0.133967 0.182328 0.138559 0.186905 0.151772 0.180699 0.161389 0.141761 0.169122 0.140278 0.181111 0.161844 0.188302 0.162320 0.192179 0.148480 0.199781 0.145515 0.223759 0.126092 0.234015 0.123035 0.245213 0.084096 0.252946 0.082614 0.264935 0.071685 0.272180 0.072637 0.279934 0.062422 0.292995 0.040564 0.307486 0.043567 0.319908 0.082413 0.299396 0.103557 0.279089 0.139493 0.258935 0.179346 0.222557 0.201918 0.213882 0.271555 0.143346 0.325724 0.103242 0.327206 0.091254 0.313659 0.077175 0.279022 0.059782 0.248541 0.028104 0.162555 0.037678 0.146848 0.066172 0.059032 0.133036 0.019179 0.169414 0.000000 0.181605 0.000000 0.200176
1 0.359133 0.074543 0.352451 0.080283 0.361897 0.085026 0.357888 0.088470 0.350254 0.086456 0.347966 0.079850 0.339234 0.080922 0.326438 0.109058 0.344399 0.207210 0.350696 0.210373 0.342678 0.217261 0.346065 0.220780 0.327264 0.224073 0.332225 0.228383 0.320436 0.240653 0.314614 0.241368 0.287887 0.264328 0.277818 0.266548 0.280345 0.275093 0.262166 0.271421 0.256913 0.288793 0.247796 0.298767 0.241260 0.293666 0.234341 0.297468 0.232858 0.309456 0.216107 0.317417 0.214387 0.327467 0.206369 0.334355 0.211330 0.338665 0.218488 0.336802 0.220776 0.343408 0.225170 0.331062 0.231467 0.334225 0.236575 0.327694 0.256712 0.323254 0.269599 0.307897 0.276757 0.306034 0.281151 0.293688 0.299714 0.288457 0.309690 0.273457 0.329590 0.267078 0.331786 0.260905 0.343429 0.259476 0.353882 0.248353 0.386377 0.248299 0.389910 0.240978 0.385187 0.238606 0.366148 0.239960 0.367868 0.229910 0.377223 0.221874 0.384619 0.221950 0.401278 0.201210 0.426760 0.192178 0.447374 0.191615 0.451383 0.188171 0.444371 0.179193 0.448380 0.175749 0.475529 0.180287 0.494952 0.170031 0.503593 0.156179 0.490613 0.158757 0.488087 0.150212 0.495959 0.154165 0.493909 0.149497 0.506650 0.144981 0.519776 0.131562 0.528746 0.132429 0.539675 0.125184 0.547309 0.127198 0.533707 0.136739 0.553314 0.152042 0.553259 0.175662 0.568765 0.181629 0.569955 0.191322 0.586560 0.194203 0.596152 0.188106 0.594486 0.174536 0.619493 0.161626 0.617204 0.155020 0.629323 0.157468 0.646696 0.142544 0.637012 0.135862 0.632673 0.124588 0.608435 0.119693 0.610393 0.111581 0.602283 0.105689 0.598036 0.107195 0.602375 0.118469 0.596169 0.128086 0.591684 0.127653 0.583244 0.107043 0.594411 0.101736 0.581578 0.093473 0.577239 0.082199 0.559061 0.078528 0.561257 0.072355 0.550859 0.059857 0.536927 0.054680 0.532918 0.058124 0.542603 0.064806 0.538594 0.068250 0.529385 0.065445 0.491545 0.070092 0.487536 0.073535 0.492259 0.075907 0.524040 0.070037 0.537971 0.075214 0.528379 0.081311 0.516498 0.080802 0.507381 0.090777 0.505898 0.102766 0.495592 0.103047 0.488050 0.113812 0.476407 0.115242 0.467290 0.125216 0.470915 0.130674 0.466906 0.134118 0.426631 0.142999 0.437890 0.150472 0.416892 0.159937 0.412023 0.168406 0.392600 0.178662 0.363254 0.180298 0.358055 0.174049 0.366073 0.167161 0.353954 0.164713 0.353240 0.158898 0.378723 0.149865 0.357871 0.148490 0.363455 0.145837 0.353056 0.133339 0.346337 0.102679 0.352305 0.091124 0.368433 0.090127 0.370154 0.080077 0.376598 0.072399 0.386666 0.070178 0.386190 0.066301 0.359133 0.074543
1 0.948561 0.423278 0.904607 0.450320 0.887619 0.456342 0.817761 0.464919 0.813660 0.455584 0.807308 0.476042 0.780251 0.484284 0.777432 0.497420 0.803628 0.494204 0.805441 0.496933 0.772800 0.507828 0.764398 0.523618 0.776462 0.549686 0.804417 0.572819 0.819648 0.540448 0.818458 0.530755 0.866421 0.500268 0.888993 0.491594 0.896773 0.482767 0.933185 0.466490 0.919253 0.461313 0.931518 0.452920 0.942539 0.458454 0.952040 0.439577 0.965642 0.430036 0.955957 0.423354 0.948561 0.423278
1 0.547278 0.403677 0.525420 0.418167 0.403480 0.507916 0.370456 0.527713 0.358336 0.525265 0.354565 0.530648 0.359765 0.536897 0.336479 0.539756 0.332945 0.547077 0.342392 0.551820 0.343344 0.559575 0.363335 0.565975 0.388012 0.538348 0.437696 0.497811 0.454446 0.489851 0.500121 0.452758 0.563022 0.411582 0.572138 0.401608 0.568513 0.396150 0.547278 0.403677
1 0.893263 0.742947 0.863387 0.764325 0.829117 0.798050 0.794756 0.818995 0.795470 0.824811 0.823003 0.820446 0.836605 0.810905 0.845575 0.811771 0.864999 0.801515 0.884806 0.782357 0.884092 0.776541 0.892586 0.773531 0.891634 0.765776 0.907909 0.753939 0.900659 0.743022 0.893263 0.742947
1 1.000000 0.822241 0.991443 0.808619 0.953658 0.789645 0.901757 0.739936 0.890114 0.741366 0.842481 0.786570 0.815278 0.805652 0.792706 0.814327 0.788843 0.806930 0.766655 0.806703 0.762554 0.797368 0.752010 0.795711 0.715560 0.775589 0.701775 0.759571 0.680063 0.763221 0.653958 0.779217 0.667176 0.778578 0.675194 0.771690 0.701959 0.785130 0.738738 0.819970 0.742070 0.847110 0.727992 0.852774 0.716679 0.868921 0.706610 0.871142 0.700643 0.882697 0.677833 0.889434 0.653540 0.908159 0.644808 0.909231 0.639938 0.917700 0.613265 0.917039 0.610501 0.906556 0.593182 0.897859 0.586501 0.903599 0.613065 0.951500 0.625184 0.953948 0.626136 0.961702 0.639445 0.973843 0.656525 0.980600 0.679811 0.977741 0.683106 0.968482 0.669651 0.967182 0.658392 0.959709 0.656250 0.942262 0.667417 0.936956 0.684936 0.911191 0.725503 0.880629 0.726986 0.868640 0.738775 0.856369 0.746171 0.856445 0.749466 0.847186 0.758198 0.846113 0.778665 0.856391 0.773320 0.860983 0.817165 0.881181 0.849367 0.902808 0.853230 0.910205 0.879756 0.921706 0.885962 0.912089 0.874081 0.911580 0.868314 0.888675 0.859344 0.887809 0.861540 0.881636 0.856817 0.879264 0.849659 0.881127 0.850520 0.876101 0.857915 0.876177 0.856963 0.868423 0.849805 0.870286 0.844606 0.864037 0.846949 0.847023 0.850812 0.854420 0.856158 0.849828 0.862693 0.854929 0.866464 0.849546 0.863608 0.826283 0.875489 0.826792 0.874299 0.817100 0.867141 0.818962 0.861942 0.812714 0.871058 0.802739 0.882939 0.803248 0.887571 0.792840 0.894344 0.799880 0.899928 0.797227 0.906225 0.800389 0.911571 0.795797 0.918106 0.800898 0.923452 0.796306 0.928505 0.813396 0.933850 0.808804 0.948642 0.808955 0.957466 0.820662 0.971636 0.827778 0.979416 0.818951 0.983371 0.839128 1.000000 0.847478 1.000000 0.842021 0.998401 0.841218 1.000000 0.840745 1.000000 0.822241
1 0.469673 0.301041 0.445619 0.321705 0.423285 0.332318 0.382480 0.360942 0.355130 0.390865 0.385336 0.384205 0.413638 0.362036 0.414498 0.357010 0.445326 0.343386 0.475825 0.315044 0.477069 0.301117 0.469673 0.301041
1 0.000000 0.413034 0.043056 0.436070 0.101217 0.452543 0.175652 0.457178 0.287213 0.451351 0.302243 0.453441 0.332449 0.446780 0.324101 0.438950 0.312696 0.442319 0.241410 0.439265 0.168165 0.444322 0.105373 0.438258 0.087194 0.434586 0.048072 0.416760 0.000000 0.386866 0.000000 0.413034
