0 0.497079 0.000000 0.492680 0.004883 0.495613 0.012695 0.473618 0.015625 0.469219 0.028320 0.450157 0.031250 0.445758 0.041992 0.422297 0.049805 0.422297 0.059570 0.403235 0.062500 0.398836 0.075195 0.379774 0.080078 0.375375 0.090820 0.356313 0.097656 0.351914 0.106445 0.243407 0.176758 0.228744 0.190430 0.230211 0.214844 0.215548 0.216797 0.206750 0.228516 0.174491 0.238281 0.159828 0.250000 0.142232 0.251953 0.143698 0.256836 0.118771 0.269531 0.112906 0.265625 0.095310 0.267578 0.092378 0.263672 0.074782 0.265625 0.049855 0.290039 0.008798 0.309570 0.008798 0.358398 0.029326 0.372070 0.005865 0.395508 0.005865 0.590820 0.023461 0.600586 0.023461 0.608398 0.035191 0.618164 0.048388 0.626953 0.118771 0.638672 0.162760 0.669922 0.250739 0.687500 0.321122 0.697266 0.332852 0.689453 0.350448 0.687500 0.356313 0.681641 0.368044 0.679688 0.379774 0.691406 0.385640 0.687500 0.403235 0.691406 0.420831 0.689453 0.426696 0.693359 0.461888 0.695312 0.470686 0.701172 0.494146 0.705078 0.568928 0.708008 0.598255 0.692383 0.695031 0.612305 0.750751 0.577148 0.774212 0.555664 0.818201 0.526367 0.824066 0.510742 0.807937 0.500000 0.781543 0.498047 0.743419 0.484375 0.711160 0.482422 0.687699 0.466797 0.631980 0.451172 0.627581 0.438477 0.618783 0.436523 0.621715 0.432617 0.614384 0.427734 0.605586 0.431641 0.587990 0.429688 0.585058 0.445312 0.567462 0.441406 0.558664 0.445312 0.536669 0.424805 0.560130 0.416992 0.568928 0.395508 0.612918 0.329102 0.706761 0.260742 0.717026 0.253906 0.740487 0.251953 0.766880 0.234375 0.790341 0.226562 0.922309 0.142578 0.985360 0.108398 0.997091 0.084961 0.995625 0.000000 0.497079 0.000000
1 0.000000 0.387695 0.005865 0.387695 0.070383 0.344727 0.133434 0.294922 0.211149 0.252930 0.225812 0.235352 0.228744 0.229492 0.224345 0.226562 0.197952 0.226562 0.174491 0.238281 0.114372 0.274414 0.108507 0.284180 0.041057 0.329102 0.029326 0.342773 0.000000 0.358398 0.000000 0.387695
1 0.675969 0.134766 0.629047 0.111328 0.611451 0.115234 0.593856 0.109375 0.529338 0.062500 0.511742 0.054688 0.498545 0.055664 0.527872 0.083008 0.614384 0.132812 0.655441 0.148438 0.705295 0.179688 0.744886 0.186523 0.753683 0.182617 0.753683 0.176758 0.725823 0.169922 0.675969 0.134766
1 0.687699 0.000000 0.645176 0.034180 0.627581 0.041992 0.621715 0.051758 0.630513 0.059570 0.621715 0.110352 0.665705 0.135742 0.680368 0.157227 0.699430 0.167969 0.711160 0.166016 0.703829 0.168945 0.717026 0.171875 0.722891 0.177734 0.753683 0.178711 0.774212 0.157227 0.848994 0.103516 0.945770 0.054688 0.961899 0.040039 0.997091 0.020508 0.995625 0.000000 0.687699 0.000000
1 0.458955 0.578125 0.435494 0.574219 0.412033 0.564453 0.328453 0.565430 0.394437 0.582031 0.508810 0.601562 0.517607 0.599609 0.544001 0.609375 0.565996 0.608398 0.593856 0.599609 0.598255 0.590820 0.532271 0.578125 0.458955 0.578125
1 0.215548 0.537109 0.206750 0.539062 0.190620 0.530273 0.193553 0.512695 0.202351 0.502930 0.197952 0.492188 0.192087 0.492188 0.186221 0.500000 0.153963 0.500000 0.124636 0.492188 0.112906 0.496094 0.104108 0.492188 0.071849 0.492188 0.063051 0.496094 0.051321 0.490234 0.042523 0.494141 0.024927 0.492188 0.020528 0.497070 0.074782 0.519531 0.262470 0.554688 0.272734 0.557617 0.268335 0.560547 0.281532 0.559570 0.278599 0.553711 0.262470 0.546875 0.244874 0.546875 0.215548 0.537109
1 0.152496 0.315430 0.152496 0.364258 0.161294 0.377930 0.170092 0.372070 0.161294 0.368164 0.159828 0.306641 0.152496 0.315430
1 0.347515 0.396484 0.318189 0.398438 0.306459 0.392578 0.303526 0.394531 0.285930 0.376953 0.271267 0.384766 0.262470 0.384766 0.261003 0.377930 0.250739 0.375000 0.224345 0.378906 0.215548 0.375000 0.206750 0.380859 0.180356 0.376953 0.173025 0.379883 0.183289 0.388672 0.303526 0.417969 0.338718 0.419922 0.385640 0.431641 0.404702 0.430664 0.404702 0.416992 0.397370 0.412109 0.368044 0.410156 0.347515 0.396484
1 0.049855 0.399414 0.039590 0.400391 0.035191 0.405273 0.035191 0.413086 0.052787 0.416992 0.067450 0.391602 0.063051 0.380859 0.046922 0.385742 0.049855 0.399414
1 0.362179 0.484375 0.326987 0.476562 0.309391 0.476562 0.297661 0.468750 0.282998 0.468750 0.277133 0.460938 0.249273 0.459961 0.256604 0.466797 0.294728 0.476562 0.296195 0.481445 0.318189 0.490234 0.329920 0.500000 0.343117 0.499023 0.353381 0.496094 0.388572 0.498047 0.390038 0.495117 0.362179 0.484375
1 0.000000 0.389648 0.011730 0.389648 0.032259 0.377930 0.036658 0.369141 0.064518 0.360352 0.076248 0.338867 0.108507 0.317383 0.117305 0.305664 0.180356 0.265625 0.208216 0.252930 0.222879 0.239258 0.224345 0.228516 0.189154 0.232422 0.137833 0.264648 0.133434 0.271484 0.121704 0.273438 0.114372 0.284180 0.000000 0.358398 0.000000 0.389648
