3 0.445312 0.374561 0.321289 0.414853 0.249023 0.408883 0.161133 0.349192 0.146484 0.326808 0.164062 0.258164 0.147461 0.259656 0.105469 0.377546 0.112305 0.390976 0.149414 0.352177 0.276367 0.432760 0.301758 0.626756 0.287109 0.440221 0.397461 0.444698 0.433594 0.416345 0.453125 0.479020 0.466797 0.783445 0.478516 0.687939 0.470703 0.431268 0.441406 0.192504 0.445312 0.374561
3 0.687500 0.464098 0.686523 0.420822 0.457031 0.422314 0.463867 0.456636 0.687500 0.464098
3 0.268555 0.077598 0.135742 0.131320 0.000000 0.144751 0.124023 0.149228 0.186523 0.128336 0.190430 0.176088 0.221680 0.134305 0.274414 0.107444 0.331055 0.149228 0.431641 0.180565 0.426758 0.113413 0.403320 0.137289 0.334961 0.137289 0.268555 0.077598
3 0.424805 0.844628 0.454102 0.823736 0.470703 0.884919 0.491211 0.883427 0.524414 0.838659 0.637695 0.814782 0.643555 0.787921 0.682617 0.767029 0.689453 0.875966 0.673828 0.974456 0.700195 0.990871 0.714844 0.974456 0.745117 0.790906 0.795898 0.790906 0.815430 0.838659 0.849609 0.840151 0.857422 0.810305 0.845703 0.804336 0.876953 0.744645 0.865234 0.729723 0.886719 0.646155 0.840820 0.692416 0.819336 0.689431 0.809570 0.656601 0.752930 0.665555 0.705078 0.511850 0.718750 0.490959 0.690430 0.492451 0.703125 0.547665 0.703125 0.699877 0.670898 0.764045 0.624023 0.784937 0.567383 0.775983 0.481445 0.671524 0.454102 0.790906 0.333008 0.853581 0.230469 0.971471 0.235352 0.993855 0.292969 0.992363 0.269531 0.971471 0.300781 0.911780 0.387695 0.835674 0.424805 0.844628
3 0.109375 0.392468 0.146484 0.353669 0.125977 0.331285 0.088867 0.373069 0.047852 0.361131 0.044922 0.395453 0.019531 0.431268 0.090820 0.411868 0.140625 0.514835 0.154297 0.690923 0.136719 0.780460 0.129883 0.793890 0.090820 0.772999 0.061523 0.799860 0.007812 0.804336 0.063477 0.808813 0.094727 0.787921 0.138672 0.822244 0.148438 0.887904 0.160156 0.864027 0.164062 0.631232 0.152344 0.535727 0.109375 0.392468
3 0.501953 0.302932 0.527344 0.305916 0.539062 0.290994 0.519531 0.285025 0.526367 0.214888 0.501953 0.302932
3 0.607422 0.102967 0.582031 0.085060 0.584961 0.062676 0.608398 0.053722 0.581055 0.047753 0.575195 0.071629 0.534180 0.050737 0.431641 0.058199 0.438477 0.119382 0.540039 0.113413 0.535156 0.204442 0.555664 0.116397 0.563477 0.164150 0.575195 0.104459 0.607422 0.102967
3 0.810547 0.096998 0.726562 0.356654 0.738281 0.368592 0.849609 0.076106 0.874023 0.065660 0.840820 0.050737 0.810547 0.096998
3 0.750000 0.640186 0.731445 0.650632 0.719727 0.617802 0.716797 0.750614 0.781250 0.765537 0.826172 0.720769 0.808594 0.646155 0.754883 0.674508 0.750000 0.640186
3 0.871094 0.407391 0.882812 0.326808 0.974609 0.067152 0.965820 0.050737 0.935547 0.067152 0.878906 0.273086 0.866211 0.292486 0.848633 0.277563 0.828125 0.290994 0.857422 0.317855 0.836914 0.379038 0.770508 0.385007 0.695312 0.443206 0.704102 0.477528 0.778320 0.456636 0.765625 0.490959 0.804688 0.535727 0.809570 0.501404 1.000000 0.365607 0.997070 0.319347 0.871094 0.407391
