3 0.660749 0.140655 0.729965 0.155827 0.727894 0.139288 0.608611 0.101435 0.595427 0.108736 0.635498 0.144469 0.559395 0.274157 0.366403 0.306302 0.552313 0.285153 0.551690 0.395593 0.581287 0.430715 0.519331 0.452421 0.215569 0.476709 0.311426 0.485088 0.567668 0.468322 0.805264 0.430710 0.623454 0.440968 0.578859 0.318426 0.582302 0.245996 0.638889 0.156076 0.660749 0.140655
3 0.542424 0.686133 0.585640 0.683647 0.576139 0.454346 0.542076 0.462376 0.542424 0.686133
3 0.837569 0.000000 0.837437 0.112011 0.860498 0.173744 0.812910 0.179314 0.855759 0.209087 0.884444 0.260851 0.844663 0.318916 0.816854 0.420534 0.883795 0.413311 0.859116 0.390721 0.856730 0.322403 0.914067 0.253954 0.855743 0.123097 0.839208 0.000000 0.837569 0.000000
3 0.000000 0.298589 0.000712 0.310278 0.020773 0.286126 0.081518 0.315274 0.160611 0.399479 0.152958 0.436878 0.174859 0.465428 0.114293 0.484154 0.116500 0.504598 0.162400 0.536218 0.190215 0.648597 0.217264 0.653516 0.239506 0.691825 0.130875 0.702459 0.031900 0.690280 0.016415 0.717205 0.033331 0.731271 0.217826 0.755120 0.219598 0.805871 0.172556 0.827057 0.172257 0.861267 0.202357 0.868034 0.207914 0.856114 0.268659 0.885261 0.283164 0.873029 0.367430 0.891584 0.319596 0.847328 0.321829 0.825752 0.354298 0.814847 0.343373 0.758553 0.495314 0.705367 0.516670 0.718301 0.514190 0.690050 0.459453 0.704665 0.307334 0.709977 0.242080 0.680009 0.219565 0.633892 0.226537 0.576973 0.327933 0.487443 0.207669 0.464282 0.140806 0.345449 0.019409 0.247087 0.000000 0.252036 0.000000 0.298589
3 0.623005 0.043281 0.588601 0.041550 0.551922 0.017425 0.573798 0.087994 0.472632 0.141362 0.297128 0.161171 0.207033 0.146728 0.193372 0.140365 0.212888 0.100597 0.185021 0.072255 0.178672 0.018734 0.176140 0.074520 0.198110 0.105022 0.165342 0.150138 0.100063 0.162189 0.124334 0.173068 0.357123 0.168847 0.452162 0.153802 0.593833 0.105860 0.633904 0.141593 0.655559 0.120316 0.612506 0.084688 0.623005 0.043281
3 0.785859 0.516401 0.697016 0.495074 0.694920 0.520554 0.710242 0.531744 0.715526 0.512017 0.785859 0.516401
3 0.954800 0.565222 0.930734 0.560200 0.950182 0.518480 0.939146 0.416264 0.878239 0.425231 0.887749 0.526523 0.796605 0.524820 0.885311 0.542243 0.837860 0.551717 0.897924 0.561345 0.900540 0.593500 0.917550 0.567500 0.940023 0.569647 0.949789 0.592758 0.954800 0.565222
3 0.947129 0.858637 0.960883 0.824934 0.913595 0.796293 0.651166 0.721422 0.639644 0.733550 0.935837 0.834603 0.947129 0.858637
3 0.244440 0.790346 0.290749 0.833678 0.364704 0.813507 0.334493 0.760818 0.368624 0.754740 0.357537 0.736561 0.389938 0.723704 0.257104 0.725411 0.244440 0.790346
3 0.947784 0.920175 0.739999 0.870756 0.720168 0.858746 0.734468 0.840658 0.720330 0.820631 0.694508 0.850847 0.632647 0.832487 0.624364 0.766330 0.563576 0.693211 0.529581 0.703193 0.553051 0.776637 0.518306 0.765148 0.474928 0.805749 0.509400 0.809431 0.651760 0.995005 0.697891 0.990463 0.605503 0.867636 0.686446 0.876535 0.949148 0.959214 0.965246 0.949858 0.947784 0.920175
