3 0.477397 0.453886 0.414078 0.436554 0.441153 0.399453 0.432828 0.289325 0.619760 0.297455 0.424996 0.278850 0.340032 0.154787 0.377512 0.116346 0.363851 0.109983 0.247499 0.156064 0.246587 0.172707 0.314576 0.152744 0.337458 0.166602 0.400180 0.252356 0.408667 0.324370 0.372729 0.449724 0.190646 0.452173 0.430287 0.473120 0.687075 0.471970 0.782113 0.456925 0.477397 0.453886
3 0.455402 0.465403 0.420862 0.459769 0.427379 0.689173 0.470663 0.688639 0.455402 0.465403
3 0.143545 0.343399 0.099810 0.288251 0.124814 0.234612 0.165482 0.201923 0.117622 0.199685 0.136320 0.136494 0.127517 0.012703 0.118832 0.148831 0.069778 0.283437 0.131750 0.347720 0.134136 0.416038 0.111092 0.440294 0.178374 0.442830 0.143545 0.343399
3 0.984318 0.218277 0.961777 0.214179 0.847538 0.320770 0.789127 0.443977 0.670772 0.475471 0.778167 0.557710 0.789092 0.614004 0.769848 0.661579 0.706844 0.696026 0.554725 0.701338 0.499101 0.690577 0.498598 0.718932 0.519000 0.704540 0.674281 0.746998 0.667310 0.803916 0.700460 0.812530 0.704193 0.833897 0.659562 0.881382 0.742329 0.856995 0.757652 0.868185 0.816216 0.834871 0.822590 0.846375 0.852145 0.837525 0.849461 0.803419 0.801055 0.785566 0.799283 0.734815 0.981665 0.698155 0.997558 0.682942 0.980233 0.657164 0.882348 0.676217 0.773240 0.673187 0.792756 0.633419 0.819396 0.626626 0.839304 0.512580 0.882887 0.477835 0.883662 0.457287 0.821937 0.442831 0.841794 0.412823 0.831550 0.376049 0.904577 0.286532 0.963141 0.253218 0.984838 0.275912 0.984318 0.218277
3 0.786853 0.000000 0.784374 0.051326 0.758552 0.081542 0.780795 0.119852 0.767611 0.127152 0.678742 0.147844 0.502284 0.140326 0.397641 0.094145 0.414541 0.022223 0.379635 0.048848 0.345435 0.052973 0.358798 0.093547 0.318335 0.132092 0.341421 0.151807 0.378901 0.113366 0.523572 0.151309 0.619428 0.159687 0.851945 0.147659 0.875398 0.135114 0.809437 0.127646 0.773602 0.084925 0.793391 0.052965 0.787264 0.000000 0.786853 0.000000
3 0.303120 0.508830 0.215982 0.536301 0.285837 0.527022 0.292484 0.546333 0.306989 0.534101 0.303120 0.508830
3 0.115046 0.553506 0.117467 0.451797 0.056082 0.447101 0.052204 0.549838 0.074514 0.590099 0.050857 0.596789 0.057777 0.623907 0.065907 0.600172 0.088175 0.596462 0.106958 0.621213 0.107325 0.588954 0.166570 0.575159 0.118574 0.569018 0.205849 0.545450 0.115046 0.553506
3 0.364648 0.731427 0.108081 0.824422 0.062905 0.856292 0.078978 0.888954 0.088565 0.864190 0.376988 0.742722 0.364648 0.731427
3 0.758028 0.707918 0.625399 0.715481 0.658618 0.726047 0.648826 0.744955 0.683297 0.748637 0.656836 0.803305 0.732018 0.818268 0.775191 0.771812 0.758028 0.707918
3 0.386041 1.000000 0.512207 0.809333 0.546339 0.803255 0.500234 0.765779 0.466376 0.779664 0.484665 0.704761 0.450057 0.697176 0.394518 0.774356 0.390870 0.840930 0.330439 0.863561 0.302572 0.835219 0.289866 0.856183 0.305393 0.873230 0.286448 0.886595 0.082616 0.950388 0.067268 0.981216 0.083980 0.989426 0.340274 0.888624 0.420399 0.874100 0.338796 1.000000 0.386041 1.000000
